1051
882
829
854
870
808
828
901
953
945
931
999
1083
934
913
1129
1005
951
1210
991
832
792
858
1302
1010
826
791
837
802
802
969
1203
974
808
757
776
1354
1125
908
836
830
856
1232
1144
1028
1058
896
902
865
977
1029
869
837
860
933
853
886
951
900
858
884
867
896
934
980
973
972
859
866
911
859
891
909
872
885
932
844
807
818
1335
965
859
856
871
1037
990
917
848
952
1280
997
1009
1143
1135
1004
853
823
880
1053
936
900
969
884
1146
1150
1102
875
813
835
1283
981
984
1106
1049
1006
1188
1193
991
957
1370
1149
1083
1082
1072
957
909
987
928
1165
1229
1056
990
1115
1050
989
923
893
840
950
1402
1235
939
876
878
938
968
917
1419
1145
958
998
1204
1010
965
1010
1021
1395
1210
938
945
1091
1227
995
1046
1059
986
1027
1176
976
947
920
914
1242
1234
984
927
848
799
1472
1205
969
953
869
940
1441
1241
1061
953
979
1396
1209
965
941
1406
1163
1000
868
1021
1437
1012
846
817
1395
1230
1150
1177
1110
918
928
1124
1256
1178
1079
1120
929
851
878
1338
1170
1064
936
813
771
831
918
1325
1168
1016
915
924
955
1220
1063
966
823
847
1137
1147
1145
1077
1084
955
934
989
1104
1056
956
828
839
986
1417
1212
1106
1075
1091
999
911
903
1112
895
905
1152
1133
1063
901
940
1386
1065
1029
1005
943
870
813
865
1236
924
809
1043
1208
963
1006
1047
915
886
914
972
903
927
1228
1137
1063
920
876