883
796
752
805
947
839
932
1519
973
783
732
731
766
910
907
871
788
773
741
692
671
652
638
627
624
632
647
660
679
658
658
668
714
811
871
842
892
874
875
828
829
862
910
860
888
858
801
729
732
751
802
777
785
851
856
846
852
815
785
741
746
730
719
725
701
717
803
809
811
810
785
748
708
676
667
652
690
736
793
811
775
748
854
942
848
771
797
774
780
761
752
742
726
700
688
661
643
648
665
747
836
809
728
781
773
926
924
892
902
855
822
781
722
735
735
802
903
881
790
796
793
773
891
917
927
814
809
791
795
764
690
721
732
716
756
762
818
785
806
823
754
726
693
677
672
713
719
678
688
691
723
804
797
742
771
763
752
709
682
679
694
771
758
783
727
750
771
794
722
753
752
717
724
754
765
717
735
705
755
733
741
722
720
718
725
690
698
685
719
769
818
776
771
761
730
688
665
647
638
635
656
738
751
735
698
723
751
750
727
760
789
816
833
823
789
748
722
692
679
710
825
882
871
870
891
917
919
827
753
718
719
718
741
756
741
702
724
719
748
752
758
712
721
725
810
819
716
675
679
691
782
882
870
833
792
761
704
663
650
648
722
991
862
908
955
976
1021
897
785
813
803
810
801
788
762
749
730
735
751
798
753
774
801
894
904
943
927
865
805
746
718
695
678
716
791
887
853
879
857
804
753
715
723
721
716
684
664
648
621
626
624
637
628
642
641
669
674
665
678
659
669
678
702
714
674
671
651
650
685
706
733
725
694
687
702
724
760
725
754
782
744
736
699
708
691
689
677
676
691
688
704
697
648
656
660
699
709
725
724
697
664
649
639
646
637
638
652
690
672
683
711
738
710
688
689
686
667
673
647
651
641
639
633
625
624
636
638
650
657
665
664
646
630
618
617
625
649
638
636
639
670
678
661
661
669
663
647
639
629
623
612
610
607
613
616
613
612
618
629
631
620
623
628
638
642
633
637
631
646
647
642
627
622
617
611
616
616
610
611
615
612
628
632
625
638
636
646
635
637
629
627
615
614
612
614
621
623
633
645
662
655
668
648
665
643
661
661
669
671
672
654
620
600
594
589
619
658
741
754
722
691
696
691
665
655
637
641
657
673
670
671
668
656
680
678
693
668
672
647
640
636
645
660
663
683
665
698
705
682
709
700
661
664
656
663
664
649
646
630
654
685
681
689
738
718
684
679
658
636
627
634
631
633
644
639
644
652
673
669
662
643
647
634
655
650
654
646
668
714
739
734
709
673
655
643
645
653
667
678
675
668
671
674
664
657
664
693
701
688
681
673
659
634
616
617
634
700
757
790
725
730
698
687
656
661
655
673
657
626
644
672
708
686
696
699
712
723
714
695
691
657
647
643
662
734
774
768
733
718
711
678
667
679
686
657
655
643
650
688
716
722
711
685
688
655
649
641
649
666
674
673
646
620
622
635
676
708
693
684
669
678
682
666
652
656
623
626
619
607
603
594
586
575
574
573
562
549
551
546
542
537
529
524
527
521
527
538
552
557
546
531
548
547
553
570
581
582
580
586
578
598
590
597
581
596
586
595
591
591
588
575
579
569
568
561
573
582
618
634
627
636
624
601
607
598
608
608
614
605
600
589
590
590
608
615
625
629
629
628
618
600
602
595
601
612
607
616
652
704
725
703
714
699
671
645
625
604
587
585
582
611
635
658
717
772
758
709
711
666
650
661
672
675
672
694
661
652
654
654
641
644
643
652
637
641
647
650
631
638
630
624
641
652
665
668
650
640
651
654
654
680
717
742
725
734
756
756
751
729
702
700
681
709
728
712
699
698
709
728
739
755
718
711
710
712
711
695
712
725
699
714
729
747
707
710
701
705
686
701
714
694
712
702
699
686
698
725
717
711
711
709
719
752
705
687
762
759
729
682
679
665
664
650
646
658
668
657
701
686
697
683
689
700
674
673
673
676
657
657
653
648
669
684
683
672
692
688
694
673
666
665
669
666
652
659
666
676
667
658
664
667
667
670
666
646
647
652
654
660
672
674
659
649
641
638
624
628
663
657
672
678
698
677
674
671
676
677
659
666
660
671
665
656
660
682
673
672
672
698
660
667
664
671
664
668
694
663
655
656
671
666
642
632
639
659
682
698
693
687
677
658
639
625
623
629
654
673
669
621
622
626
649
674
700
711
671
664
668
669
662
667
662
649
677
699
722
686
699
690
670
683
656
665
666
667
671
676
688
683
714
665
657
674
678
666
697
647
665
666
686
686
697
654
647
645
649
664
643
642
654
652
649
652
639
642
652
684
661
670
676
696
656
665
653
652
661
659
652
648
649
634
624
618
625
659
749
766
708
689
689
699
693
696
657
660
649
651
666
667
664
646
670
704
750
720
753
725
687
680
665
674
660
676
688
666
664
663
665
690
707
721
710
701
660
661
657
676
669
681
683
708
757
703
714
700
702
693
680
683
682
685
654
658
663
684
689
711
686
684
690
708
678
688
675
683
695
689
659
656
655
658
669
667
641
648
643
649
649
653
637
638
630
650
687
708
691
687
643
648
639
644
659
637
643
633
608
630
627
643
629
642
681
686
671
663
695
691
704
709
696
676
642
624
614
614
623
626
646
694
674
698
695
687
691
702
704
675
680
685
653
653
665
685
674
638
634
632
640
639
655
672
653
663
663
651
667
709
759
763
689
717
697
704
671
681
673
649
651
651
678
701
709
687
658
642
645
663
676
679
718
764
702
729
721
719
735
749
706
672
662
660
639
650
656
690
683
649
637
619
610
601
606
617
611
608
628
651
668
673
702
756
713
701
699
702
663
646
646
665
695
740
754
751
737
717
683
656
679
695
703
680
671
652
646
631
617
646
694
726
739
714
688
646
649
653
661
718
788
833
853
804
805
780
758
710
658
656
653
684
721
686
659
644
668
758
872
812
753
748
775
796
755
743
772
765
765
752
732
688
636
608
600
632
956
935
966
983
978
856
836
791
784
710
722
709
716
698
726
779
752
764
772
749
726
707
663
638
645
646
659
629
625
633
710
674
659
633
655
656
663
726
734
729
692
719
732
717
688
667
643
424
896
726
726
726
670
674
670
696
699
698
671
650
635
624
618
644
785
696
657
630
628
623
674
835
759
1004
1051
1007
950
931
846
860
813
797
733
740
798
844
870
784
755
743
736
698
697
662
650
670
638
688
700
672
696
678
669
692
789
957
823
750
719
799
1150
970
810
760
820
759
797
872
1023
1021
892
817
797
849
819
745
732
750
745
762
796
966
979
923
891
799
759
769
799
833
769
783
770
930
846
880
830
881
879
818
830
829
896
927
821
802
836
890
952
882
842
802
862
799
797
828
927
924
850
858
896
828
815
795
742
758
874
858
802
833
875
800
817
859
823
831
893
969
847
824
856
939
957
938
902
842
800
806
846
932
971
854
824
865
875
851
853
939
834
834
883
949
854
846
874
945
831
796
858
905
861
858
896
882
848
844
864
871
946
921
889
854
841
818
857
868
956
904
923
934
950
963
891
887
938
946
849
867
902
980
930
888
878
874
811
791
838
841
789
729
746
838
851
892
933
972
967
910
904
885
839
784
765
851
1187
1156
1068
909
813
775
746
714
685
678
691
725
783
820
821
812
751
732
721
774
859
1013
1107
1033
975
924
895
842
774
744
704
766
1278
996
968
1033
1077
992
973
1014
1032
986
977
959
928
818
836
842
932
1262
1190
1072
1023
1001
976
927
789
769
750
813
1176
1122
1071
976
858
875
998
1094
1036
873
866
909
1053
1079
893
798
779
865
965
879
988
1033
929
961
855
899
996
1144
1085
1016
915
876
1045
1017
1041
1019
877
807
849
962
1097
968
940
888
896
841
808
812
1008
1181
1056
1007
1054
1145
1141
1016
886
821
835
1165
1121
1063
1086
1055
1024
937
898
873
908
1000
1086
1018
948
826
851
905
931
921
851
772
844
870
888
900
986
991
964
831
847
790
870
920
1006
991
924
943
896
839
816
823
889
899
954
1057
1171
1084
994
938
900
932
1013
1038
1140
1063
912
898
876
967
863
857
954
1148
1132
1091
987
938
866
938
979
1061
966
946
930
930
972
1112
1090
909
856
1059
993
1071
1159
1088
911
892
875
922
1002
1116
1292
969
870
830
896
1099
1144
1032
1036
981
962
937
949
1003
884
925
1324
1200
1113
966
847
927
1247
1153
938
901
906
1026
945
898
963
1359
1182
1134
1075
979
961
960
1160
972
846
819
859
1344
1164
1129
1074
954
972
976
839
879
943
1211
1105
1051
895
840
854
829
792
961
1103
902
897
918
844
867
875
940
1002
941
963
949
963
919
857
888
1032
1001
864
937
1016
1025
1019
894
811
832
915
1080
1109
1022
903
844
827
877
835
938
938
990
1039
1037
999
982
896
822
836
858
939
1031
1179
1135
1069
984
944
898
989
998
873
887
926
1317
1115
1070
993
878
839
767
765
787
829
936
887
943
960
1145
943
938
1132
934
923
832
842
937
870
853
803
776
772
788
865
881
892
898
866
873
848
896
866
825
850
878
861
867
891
1026
912
942
990
1018
892
914
877
907
957
942
997
1161
992
978
884
918
1019
1045
876
884
957
872
882
887
808
814
844
921
848
804
816
856
858
905
1012
1146
919
896
1013
1104
907
815
859
986
1104
938
899
964
952
1046
1016
892
907
984
916
1012
1195
1131
1054
1092
1073
942
911
1126
1082
1279
1183
979
1027
1139
1084
923
938
1207
1102
1277
1216
1004
968
1142
1188
978
1124
1160
983
930
943
979
898
993
1182
1052
921
885
875
811
824
931
1032
1033
1034
938
832
798
840
832
892
1078
909
825
770
754
1014
996
938
931
980
843
812
811
809
876
937
863
960
1040
1087
879
794
790
854
999
924
862
919
896
991
1031
1089
980
878
902
952
891
828
853
971
1043
1047
1036
978
883
807
863
951
926
948
1038
1050
918
955
1036
1013
831
768
791
908
861
833
877
925
856
826
870
921
872
824
858
874
865
796
776
773
859
801
818
821
811
766
777
798
832
790
779
790
794
746
733
742
895
923
837
778
813
837
914
839
774
770
785
819
787
794
835
815
768
772
805
786
748
771
805
833
776
747
776
812
778
748
752
773
759
741
811
808
796
725
701
746
920
849
767
733
732
778
684
638
641
662
666
647
653
683
714
670
665
663
603
616
640
767
778
756
758
777
774
768
733
704
708
721
815
852
783
719
673
662
698
983
1030
1049
918
798
764
728
708
687
705
1198
1139
986
1014
1054
1006
917
1051
1098
942
965
1111
1063
620
1493
1241
1064
1184
1176
880
784
892
1368
1176
1033
1291
1183
979
926
1420
1184
1096
1243
1099
961
1303
1285
1310
1291
1220
1103
1188
1229
987
998
1283
1143
1055
1000
983
1269
1152
1058
1020
880
816
854
1321
1207
1045
1161
1139
976
935
1060
1166
1043
1110
1105
1082
1108
1090
1009
1141
1202
982
845
841
1322
1110
1056
1081
969
947
1065
1106
945
1001
1129
1015
1086
1033
903
864
1152
1144
1060
1029
995
855
883
994
1011
952
1033
1040
896
896
926
857
846
855
979
933
890
945
890
782
786
748
733
952
841
802
875
935
900
857
853
829
760
737
757
910
855
807
829
890
834
794
811
843
805
812
845
866
802
826
861
840
800
828
865
823
794
833
925
970
805
765
826
953
964
891
942
970
888
817
819
888
853
809
892
1064
1089
940
923
1041
878
895
1015
956
1064
1117
1051
1001
991
996
884
943
1097
1012
1018
1037
1034
861
854
901
1092
1000
1081
1063
1014
844
814
859
874
817
747
790
1258
1076
924
854
888
824
828
896
919
851
891
1167
1115
903
844
888
905
880
995
1046
884
858
835
817
777
1241
1090
897
813
808
802
845
945
964
995
1048
1006
874
865
948
1152
1032
1147
1132
1079
972
945
967
873
938
1139
1057
1086
1074
1002
882
989
1222
1131
951
988
1030
962
904
1180
1174
1121
1169
1079
923
909
1265
1053
1101
1272
1159
951
1025
1295
1138
1143
1131
1028
876
907
1213
1073
1105
1111
983
931
963
1013
997
1191
1200
1167
1095
902
832
897
1307
1051
1009
1263
1010
834
809
1316
1065
931
940
986
874
919
1221
1052
979
952
900
852
874
1021
1112
947
898
964
1188
1037
859
784
768
776
778
763
877
1064
1001
947
887
887
813
756
817
903
802
770
799
888
965
970
971
896
816
771
778
808
909
858
859
952
963
882
853
860
894
904
829
806
829
802
822
852
960
878
856
892
942
954
852
841
860
893
885
896
912
898
821
769
760
811
832
789
807
905
952
843
794
813
847
898
802
784
828
879
819
834
936
958
938
825
835
862
839
801
864
922
931
830
763
746
777
831
898
971
979
851
838
847
830
861
912
957
880
826
848
1018
919
982
1014
970
899
938
953
974
844
853
1050
1157
1060
834
744
720
757
888
885
829
822
1271
1104
970
1075
1075
1033
884
874
978
1092
1073
912
900
846
801
812
988
1234
1226
1169
1028
999
987
1029
937
926
960
908
906
968
1105
1025
1020
1042
977
1032
925
870
820
908
1273
1166
981
860
856
829
817
837
957
1002
949
892
812
779
775
787
759
837
821
866
1005
940
971
904
786
771
789
870
818
826
914
1051
1010
896
918
1033
955
904
966
1071
1115
922
912
981
1024
915
1033
1211
1126
1140
1295
1147
1062
894
914
969
1155
1030
1094
1166
1143
1000
998
1076
985
850
867
1057
1151
984
967
1107
1050
929
1080
1042
957
851
884
1011
1046
926
935
1074
968
892
951
1017
938
994
1053
976
939
955
971
954
857
857
897
967
935
997
1020
965
856
888
1108
988
1020
1110
1046
860
847
905
895
814
767
823
1316
1048
1027
1148
1024
1016
961
906
851
920
1048
965
924
969
1124
976
931
949
957
871
905
974
947
956
1000
949
868
889
921
934
852
872
878
850
803
852
1230
1070
875
813
868
1023
920
930
976
875
890
953
945
899
937
925
891
950
1048
965
841
830
855
943
860
864
930
1082
940
898
827
750
723
719
743
722
705
709
724
706
685
671
671
691
693
687
683
692
797
813
788
773
797
779
765
781
813
827
820
870
897
921
843
857
899
980
881
921
926
890
847
874
974
981
855
855
905
915
912
919
935
782
753
729
757
754
779
894
867
864
950
1012
885
807
803
855
838
941
1252
1165
1027
1011
957
880
822
856
1069
1093
974
993
1050
927
878
898
948
879
895
937
940
938
938
1000
905
870
927
1023
896
941
1281
1080
944
875
900
903
1007
1229
1002
997
1041
950
872
857
867
846
941
1293
1034
852
833
950
1170
1043
967
872
816
813
937
1210
1174
1032
926
917
1042
980
960
977
981
884
910
1087
1062
1094
1042
1049
895
942
986
1071
1037
1161
1150
1044
1075
997
952
1005
1039
1113
1080
1153
1044
992
1021
993
865
1020
1233
1145
971
938
983
921
962
1027
993
859
899
986
970
885
959
1029
952
971
1050
942
890
931
1059
929
925
966
929
937
983
1111
1035
1008
1027
980
856
890
1153
1106
1158
1149
1056
977
964
1032
1008
1104
1180
1063
943
912
951
864
921
1081
970
845
817
798
740
823
889
831
882
953
938
846
887
989
908
903
949
960
867
868
897
829
813
837
865
839
834
928
1038
949
969
971
906
823
839
942
940
887
957
1064
951
936
1024
964
853
875
922
923
855
882
1004
874
878
901
898
822
854
930
980
858
863
900
868
829
854
894
860
879
1042
1058
898
873
963
977
869
931
985
963
906
938
973
853
915
1021
991
922
1115
1091
887
851
903
896
842
985
1174
1130
932
830
854
1095
1030
941
979
1081
936
946
1039
1004
903
962
1022
1014
870
789
781
795
794
802
1224
1010
1005
1043
972
851
853
961
946
844
868
897
915
829
852
930
953
885
959
976
905
861
897
968
1011
1009
1044
1007
902
850
851
963
1014
873
850
910
982
983
975
849
869
956
1126
952
883
931
959
891
979
1057
1014
904
908
1027
1025
891
908
991
964
892
1010
1128
1078
1089
1069
1001
864
870
914
1035
938
946
955
882
842
884
952
956
853
851
1029
1059
929
899
948
1024
900
831
861
938
900
908
1015
1059
925
977
1040
1009
921
932
998
875
826
880
927
846
805
828
887
858
824
859
938
855
828
909
954
898
848
861
876
837
794
810
881
910
874
810
835
871
901
849
887
908
885
820
862
948
946
849
854
889
1030
867
890
1020
1112
912
862
854
802
742
718
705
825
750
783
788
830
927
1170
1203
1163
1023
901
876
890
865
896
991
1131
1088
1065
1011
892
804
832
924
992
925
1285
1154
1013
947
908
897
883
943
1022
946
916
1061
1079
967
817
814
943
980
891
927
1014
922
856
876
950
907
846
874
938
909
860
927
992
877
841
853
969
883
860
892
1013
922
974
979
910
967
986
958
838
821
826
897
840
877
935
916
840
854
943
964
896
908
945
851
837
874
919
843
888
921
987
860
854
869
980
852
817
849
896
891
838
875
988
910
854
838
924
1268
1113
950
830
831
896
889
849
890
1050
935
865
891
1008
915
841
879
929
925
835
857
898
966
846
829
886
1082
922
802
751
724
710
726
681
714
817
1088
999
1014
985
865
799
820
873
893
822
898
1161
1135
1018
1048
1021
989
1017
1036
1046
894
934
1004
963
887
907
968
964
846
879
941
981
848
832
882
979
879
821
854
896
872
814
833
889
861
822
860
899
838
851
887
938
877
856
841
897
884
831
867
964
937
842
830
861
913
844
881
926
917
837
874
970
963
868
866
871
831
784
829
925
906
870
883
900
788
761
776
900
1063
906
886
889
838
813
866
1009
1014
910
874
880
851
819
871
898
944
857
905
954
886
837
900
933
939
836
849
874
865
810
833
866
926
878
874
943
945
838
852
904
896
820
832
835
869
825
776
753
811
931
951
845
854
889
882
830
841
857
851
786
776
788
823
819
795
813
833
823
779
807
867
938
894
874
833
820
781
791
858
856
840
801
841
905
870
797
795
861
931
960
893
864
809
766
794
875
853
873
902
882
804
843
902
897
811
805
814
838
837
801
833
961
1039
890
912
971
870
816
774
846
885
968
889
933
979
924
844
862
896
900
807
775
780
822
755
729
707
735
861
820
851
896
875
810
813
846
810
789
836
888
875
854
896
903
880
827
791
786
829
920
889
881
883
811
822
867
1071
953
895
896
884
808
828
854
878
813
833
910
956
864
848
874
853
830
904
978
864
823
851
871
813
792
841
918
909
837
854
842
848
789
796
860
927
883
874
897
899
803
726
707
705
734
790
778
751
743
829
869
800
751
743
785
769
821
922
860
786
784
800
811
781
784
870
907
870
805
826
867
861
778
760
776
819
788
840
885
849
827
841
867
798
811
837
871
822
832
834
840
787
814
837
854
799
814
837
864
812
807
813
837
796
797
833
870
866
807
796
827
811
767
735
723
762
742
747
781
814
832
766
765
791
811
777
782
795
826
784
764
771
783
744
751
785
856
847
749
726
696
703
671
643
646
688
817
860
815
861
876
837
772
771
813
844
821
796
832
877
834
845
1009
1002
863
777
779
854
906
825
848
980
919
798
754
778
864
840
788
787
836
827
783
811
869
851
788
777
805
814
768
773
809
830
804
761
762
771
771
764
800
821
810
768
794
847
842
775
751
737
776
764
778
820
833
794
783
775
786
765
748
778
796
748
732
759
793
768
746
779
823
810
756
746
776
793
786
756
771
805
792
757
749
754
781
745
728
735
785
778
762
775
780
763
761
781
814
774
754
772
791
788
746
732
730
785
794
790
811
814
854
810
768
727
710
707
682
670
703
774
762
786
827
827
786
780
804
813
762
779
791
792
742
727
740
735
738
675
681
726
856
834
798
815
823
806
790
818
801
805
771
784
808
811
786
818
868
859
826
861
897
917
811
766
780
891
851
870
870
928
834
845
876
883
796
755
721
736
790
780
782
772
804
786
771
756
747
720
709
711
711
717
722
796
898
896
827
880
911
867
792
776
799
806
795
823
867
847
789
769
792
997
1038
1035
920
977
931
874
800
829
819
839
786
770
821
920
900
836
856
949
890
920
914
928
867
902
928
904
819
796
810
856
801
815
959
993
869
888
859
831
770
752
789
872
827
899
997
946
808
758
762
804
814
776
771
830
854
800
759
748
806
811
771
789
807
828
782
816
946
949
913
929
928
906
840
797
816
861
864
817
854
1023
1008
903
853
843
831
775
787
866
998
988
1003
949
840
847
869
897
851
871
945
931
862
893
937
891
814
851
867
862
820
819
836
784
772
802
835
806
794
867
908
864
799
817
823
818
772
770
805
813
813
770
760
810
879
827
765
780
821
856
787
725
695
689
678
690
646
637
656
748
861
792
778
790
779
769
738
726
774
825
870
806
815
854
850
821
769
754
849
956
926
868
897
902
874
790
793
848
878
815
819
861
890
836
806
822
862
874
811
834
888
906
856
855
847
860
830
838
859
914
899
813
812
852
896
836
796
844
890
914
829
864
916
921
827
820
862
913
890
841
916
1018
942
825
814
828
889
841
909
988
941
837
856
929
975
817
737
734
807
1006
1029
966
878
896
981
918
861
877
940
895
816
809
852
909
887
938
979
920
851
897
932
885
865
822
859
888
916
823
829
835
805
766
750
771
817
722
717
781
855
865
805
801
794
792
743
716
750
831
830
779
784
801
833
799
775
794
840
808
796
836
885
830
805
809
784
777
766
772
863
1002
995
990
934
829
766
744
797
965
996
873
856
858
811
799
858
993
888
863
882
898
817
838
850
885
816
815
862
890
836
859
875
859
801
805
862
859
845
852
940
941
938
905
860
823
813
855
896
899
825
847
886
840
845
912
964
840
804
828
899
867
860
917
934
828
813
816
855
802
787
821
886
881
788
744
750
778
786
780
835
1153
1138
1019
834
741
734
852
1088
1082
968
994
1065
915
834
844
895
855
877
892
933
848
869
880
870
803
815
841
888
816
831
873
891
815
780
774
845
916
844
840
868
947
859
825
823
829
784
786
825
896
820
813
806
780
750
744
774
821
758
743
734
747
728
707
697
736
780
740
732
739
777
799
762
756
754
774
736
721
736
821
823
774
772
803
825
767
767
788
862
834
869
899
907
843
842
829
811
761
787
840
846
767
729
709
722
729
722
742
825
815
813
843
893
806
811
808
818
768
784
805
861
813
816
804
832
803
810
822
828
805
870
879
914
846
835
812
787
782
825
903
853
850
865
946
850
855
865
849
775
775
809
849
807
797
870
940
851
810
796
833
796
838
915
934
861
854
809
777
751
736
771
925
915
814
763
767
755
733
732
723
708
698
849
1000
860
847
837
816
771
771
791
834
811
825
834
864
810
846
862
844
786
796
813
877
843
832
849
827
826
835
836
786
787
813
831
795
772
811
862
889
813
796
796
848
866
951
880
847
801
820
813
842
842
798
814
840
829
787
808
829
832
759
719
674
649
666
640
651
727
766
743
770
889
965
845
834
806
814
777
750
782
877
916
841
835
854
914
830
849
833
845
827
865
876
859
815
829
856
850
787
793
845
917
828
863
922
895
848
838
836
790
772
820
897
896
834
866
939
944
819
751
764
774
802
778
804
975
1010
860
834
859
813
813
838
834
874
926
902
818
783
780
801
784
803
836
853
796
816
856
898
842
844
852
787
785
791
810
781
787
817
856
799
817
844
885
859
779
778
798
834
805
833
845
872
838
849
852
832
784
775
814
853
845
775
747
770
840
789
820
876
887
815
766
761
818
878
851
953
1035
949
824
808
835
878
823
853
866
876
797
789
786
831
809
825
865
862
788
756
764
809
778
761
786
848
826
791
822
836
800
790
812
826
775
743
754
786
793
767
775
797
834
815
773
791
811
854
779
766
776
789
834
779
763
778
807
823
798
809
850
810
756
700
659
641
639
692
800
844