758
833
782
905
930
829
780
786
785
752
439
361
785
828
491
333
749
786
797
802
775
813
905
918
864
908
530
425
898
716
946
820
789
354
418
850
892
899
808
819
258
504
758
497
280
757
722
712
561
509
354
654
506
310
748
799
667
1009
832
682
1014
931
581
499
509
913
772
793
562
266
845
404
420
816
285
498
528
911
747
798
856
846
844
549
286
730
509
438
574
340
672
503
523
482
411
445
465
534
355
301
505
505
430
578
508
497
314
509
493
402
598
285
713
999
1183
813
937
874
473
420
291
302
309
709
1040
470
398
615
291
721
505
519
484
360
650
506
507
503
484
530
290
825
734
722
488
302
698
503
430
763
837
510
432
572
287
725
878
646
899
885
812
429
396
604
978
536
263
742
509
318
692
312
531
668
302
585
778
355
496
508
297
715
510
339
669
505
509
779
729
500
370
636
510
364
641
504
298
374
508
766
568
1006
750
784
813
688
886
622
1004
868
652
506
331
685
811
725
485
302
710
308
524
701
713
722
580
502
330
718
466
274
715
520
508
503
504
341
675
876
817
816
791
749
780
722
304
500
708
293
642
567
294
717
928
600
1096
884
878
677
995
836
702
505
506
507
540
472
379
636
507
509
891
625
295
828
829
906
705
497
503
992
912
871
805
841
635
498
507
507
379
633
1007
511
459
556
261
750
510
463
543
280
728
510
305
296
409
295
297
410
291
299
416
508
530
480
477
537
316
693
502
534
468
400
602
1002
1011
513
438
573
307
702
1126
819
855
742
1007
922
593
508
510
505
520
836
661
1018
506
469
544
269
812
859
907
878
855
478
400
615
257
754
507
408
604
300
712
502
507
498
351
896
771
952
854
881
851
282
692
548
287
729
507
464
554
345
662
1008
844
671
975
543
1006
508
422
586
1023
883
618
1008
275
474
727
548
881
667
938
871
788
832
898
871
819
535
306
703
502
508
503
277
729
904
608
270
787
464
388
627
272
748
304
611
389
480
519
434
290
276
358
639
742
258
752
264
743
507
502
502
363
361
285
503
390
622
1007
510
426
581
299
928
783
1014
501
527
487
457
543
427
586
387
619
501
506
501
522
486
442
577
295
921
298
512
513
473
859
903
945
899
867
604
296
704
506
423
579
359
644
1002
517
406
611
260
757
1012
501
456
563
259
755
510
290
717
291
714
377
583
418
487
817
695
654
1020
495
326
688
502
440
566
328
678
302
714
290
573
293
609
253
513
508
366
651
1012
908
765
844
879
815
784
574
259
909
900
583
904
430
575
508
396
612
1005
499
506
892
627
1090
416
462
548
273
873
369
504
508
308
698
342
665
294
702
521
344
659
907
829
860
432
357
823
850
495
318
689
507
384
632
509
442
574
1015
495
277
753
480
322
688
501
401
614
506
469
548
797
871
761
603
513
358
644
502
405
757
758
813
307
543
812
677
508
417
593
255
251
490
517
979
529
505
370
481
665
506
392
434
287
392
309
740
854
620
285
719
501
428
582
267
746
501
458
293
499
811
889
596
280
729
505
415
596
319
688
304
712
1012
923
601
271
746
501
504
499
289
805
421
420
979
938
712
503
494
508
362
827
821
535
346
663
925
587
366
648
506
505
501
438
439
345
293
501
509
350
860
305
493
520
343
916
764
958
551
317
691
506
495
515
1057
862
598
1061
845
618
281
727
871
826
834
778
731
1047
809
822
883
477
373
641
504
504
502
438
567
263
743
518
509
517
322
827
875
897
626
435
603
396
506
594
271
742
510
425
587
275
773
792
685
266
738
307
570
433
415
291
293
310
411
280
875
860
509
397
354
448
551
287
711
292
706
303
567
442
420
590
334
676
501
512
501
420
592
304
709
506
454
563
280
732
1015
967
881
683
500
515
506
504
821
805
861
546
351
653
280
725
1003
925
903
699
945
866
712
942
574
427
936
666
309
841
858
514
319
685
285
591
268
893
831
866
828
310
652
825
749
499
510
505
519
489
371
638
267
746
1051
464
345
665
510
500
703
901
830
831
285
509
504
344
655
1082
805
834
421
414
493
321
686
505
390
623
503
534
788
850
362
460
546
502
506
506
454
551
316
694
505
305
712
289
758
783
801
396
483
528
298
717
507
503
508
496
512
430
578
264
750
509
537
917
563
266
748
502
382
637
1052
774
708
1014
870
828
758
576
499
504
874
771
830
898
818
790
826
770
905
802
851
469
404
604
958
560
251
254
505
875
796
837
849
678
507
421
585
500
508
827
754
442
323
679
513
410
599
507
474
537
354
656
1060
866
929
689
930
584
480
530
391
818
302
502
822
838
807
573
278
733
501
499
938
812
794
829
853
807
540
259
744
506
506
507
327
681
509
501
879
791
810
563
307
719
486
259
422
376
466
272
738
265
743
511
361
655
614
392
499
291
724
510
438
563
1004
830
799
761
637
508
501
793
732
505
410
592
266
742
504
383
625
1001
865
794
828
565
301
805
789
843
899
891
538
271
728
508
485
524
394
617
1017
509
525
485
453
562
304
710
1009
295
722
501
410
598
288
723
1002
503
500
500
470
268
279
416
303
293
419
290
302
317
380
305
506
502
506
505
507
503
508
420
586
300
712
501
428
580
301
809
905
1007
501
503
512
548
960
875
797
790
584
292
896
827
522
349
657
304
702
335
1043
993
872
304
447
562
434
577
295
722
500
466
448
502
498
509
491
401
600
312
688
286
714
639
360
648
265
749
1023
843
658
505
306
401
302
305
708
289
602
398
424
305
274
292
445
469
542
280
722
502
497
513
378
627
503
487
528
299
715
1120
832
844
749
515
510
488
407
597
1076
867
831
800
491
406
609
359
992
865
306
525
486
367
646
504
502
508
347
658
514
452
559
289
727
941
819
773
878
633
503
526
480
346
660
502
379
628
503
488
518
1032
487
365
642
1026
486
375
635
268
740
1025
494
322
687
293
714
289
598
781
368
432
585
502
532
784
835
874
524
270
740
506
475
537
299
713
509
452
553
313
689
500
466
857
302
396
1039
474
330
683
302
712
290
581
647
1008
979
544
285
723
497
419
590
505
526
477
344
659
521
606
402
492
815
715
510
305
710
715
292
422
582
510
415
589
1011
768
798
817
763
823
580
252
1555
815
784
643
507
375
638
510
445
306
500
260
512
502
484
529
297
714
508
536
479
437
836
743
295
604
625
266
740
508
437
575
320
295
399
1012
510
459
546
376
629
509
555
456
375
629
261
745
975
663
282
613
268
739
507
511
497
432
852
735
1013
900
818
294
443
577
413
890
803
796
828
863
451
359
651
251
256
511
503
508
509
413
595
336
682
268
738
508
292
721
392
610
308
695
508
502
509
288
280
446
428
884
700
508
509
508
503
508
380
824
306
514
500
504
502
434
569
303
366
466
381
421
588
1010
499
396
764
470
373
519
376
639
1063
459
442
814
811
468
354
666
505
389
857
285
612
830
846
892
360
504
497
327
686
1041
468
316
692
501
539
471
406
603
1003
509
551
461
306
694
303
577
642
352
815
824
531
359
647
1009
509
346
654
307
740
460
344
913
260
288
397
843
492
342
833
840
512
257
746
511
406
604
507
316
778
283
276
370
287
646
578
503
321
732
466
523
438
732
460
964
452
293
293
463
467
504
426
588
508
267
671
591
508
894
620
499
291
713
513
281
729
746
785
485
301
710
273
591
647
1049
474
403
605
275
734
507
395
618
873
304
505
497
494
849
507
357
289
361
502
509
504
348
656
503
440
568
508
436
577
291
752
905
904
692
505
481
533
334
902
829
812
675
1006
508
358
646
412
620
480
376
642
507
495
511
392
621
256
751
505
477
537
306
704
297
725
774
1011
860
365
509
503
495
509
341
673
503
659
347
505
505
363
904
827
438
419
590
295
713
981
538
351
657
506
501
502
493
523
408
610
261
889
884
501
321
691
500
489
848
812
836
933
652
266
747
509
416
597
981
532
901
622
508
361
646
502
304
710
306
702
505
412
597
251
252
510
506
385
628
502
551
458
356
655
507
404
607
986
532
258
396
352
952
799
780
499
410
601
296
713
499
495
824
838
873
872
795
364
462
551
320
687
1116
812
820
826
465
343
662
503
417
597
499
505
507
365
638
1005
507
467
541
316
697
502
472
538
271
947
305
510
502
514
957
974
579
297
712
510
509
508
489
522
331
366
313
687
518
481
391
456
452
561
371
634
1021
500
512
916
595
271
313
428
508
679
841
1044
494
494
514
385
626
304
955
884
921
476
508
501
404
610
281
729
1008
502
515
502
427
586
384
624
290
881
848
1028
846
660
503
532
883
610
1053
460
290
729
327
688
509
509
503
510
510
479
528
415
295
301
320
289
400
501
514
490
372
634
984
533
509
482
670
364
507
505
495
522
501
540
569
917
935
579
308
709
923
975
636
264
749
501
514
501
412
954
883
781
307
621
877
819
392
290
1061
912
776
508
485
524
435
580
275
729
1022
928
581
1013
501
532
476
430
586
273
739
1010
1012
505
539
463
507
500
493
863
684
514
505
976
825
913
946
837
845
725
506
501
399
642
476
510
506
472
530
343
671
503
505
501
510
856
896
256
691
872
846
614
280
912
850
867
613
290
718
502
451
555
337
681
1017
910
867
251
508
500
497
823
848
360
526
487
392
619
1039
468
301
757
776
815
394
388
632
500
525
816
818
807
810
776
759
727
521
503
515
865
646
937
742
747
589
949
563
1007
753
707
728
323
400
728
740
819
817
764
278
505
503
304
704
509
253
255
508
515
279
766
468
270
298
466
470
301
712
823
693
309
366
700
638
477
373
670
778
761
474
329
763
432
329
795
424
280
895
304
1025
501
503
404
414
598
990
643
979
538
280
570
252
415
380
628
506
379
632
384
628
505
290
710
292
723
506
431
581
302
712
888
617
279
729
503
442
566
287
731
508
420
302
284
504
504
508
323
689
510
307
694
503
354
298
356
503
506
633
271
731
624
373
320
576
502
292
305
380
546
799
613
737
678
698
712
688
1141
955
751
309
477
720
710
634
856
753
406
326
690
501
378
630
510
440
422
383
267
504
506
497
518
285
721
510
488
891
636
510
499
503
456
553
388
628
1006
503
300
710
292
721
283
726
509
529
479
345
408
413
860
492
320
683
505
539
461
442
567
263
750
499
517
493
315
698
501
390
620
944
807
844
787
292
378
504
476
882
811
788
863
728
505
381
626
509
441
573
990
530
504
540
479
346
668
495
411
820
292
298
715
258
752
506
425
583
996
518
291
712
505
386
628
509
422
597
507
503
499
306
700
501
417
763
784
542
291
716
506
448
562
1007
502
418
587
1010
506
462
820
875
916
835
646
515
504
953
797
809
480
378
303
572
261
428
581
444
570
318
694
387
573
562
295
902
868
465
389
621
294
720
295
713
831
836
827
553
1005
992
867
815
868
902
826
278
558
448
403
604
504
506
500
312
867
838
997
518
353
653
286
295
421
510
507
839
849
861
789
693
517
431
574
271
780
864
901
837
783
613
1013
501
335
673
501
385
625
507
546
467
319
696
502
512
502
303
703
506
309
705
296
718
507
269
736
886
633
934
584
1015
811
862
806
548
264
749
504
466
686
364
512
499
454
561
504
502
502
418
586
503
536
480
411
605
256
779
795
714
502
436
782
828
499
393
614
431
569
510
343
666
506
413
597
1008
509
343
665
508
493
517
294
711
502
408
600
275
786
451
343
668
289
652
572
502
543
466
343
659
508
426
579
507
503
507
313
397
295
511
458
556
500
506
503
415
592
658
322
537
281
725
504
478
537
254
255
505
502
428
577
504
541
475
387
623
254
763
937
593
498
510
494
343
873
790
519
272
739
954
574
1008
1038
482
381
628
294
714
500
503
504
404
603
1001
509
479
535
291
720
296
684
534
348
661
511
556
458
532
472
513
501
380
640
262
743
503
285
731
354
655
1016
508
376
636
504
503
506
420
586
505
511
510
497
866
943
969
752
505
532
484
479
527
394
734
1056
857
938
568
934
763
761
575
1053
854
611
1012
504
414
603
499
403
606
516
490
526
253
799
727
742
507
526
475
384
580
279
274
379
621
823
677
677
705
647
508
385
618
504
461
543
313
695
355
289
277
592
256
251
506
506
385
619
507
549
467
380
624
502
293
271
443
286
716
285
724
842
826
367
412
592
500
499
824
799
848
573
258
785
394
461
295
329
503
408
600
397
613
504
513
500
505
447
565
509
293
709
721
294
438
571
1019
492
281
735
509
436
578
1003
845
676
1008
508
323
694
673
842
507
1026
777
711
503
450
563
262
750
500
438
577
504
521
491
347
862
303
505
790
740
501
371
630
500
416
809
764
797
817
457
313
689
503
400
610
400
534
581
1020
498
273
740
503
343
665
508
357
647
501
306
711
292
498
714
287
720
501
507
510
388
628
507
438
289
281
261
776
472
329
682
509
511
499
292
723
510
436
576
627
410
590
270
635
503
439
569
505
479
526
932
580
900
715
504
261
659
506
395
723
613
844
723
641
811
298
505
513
307
733
478
250
254
390
625
504
400
465
486
298
372
515
501
296
708
302
288
299
419
266
439
289
508
323
383
328
460
263
472
251
258
466
286
263
501
380
636
507
275
433
252
550
507
350
659
501
325
688
772
390
332
536
510
419
586
499
397
612
500
376
717
423
478
532
333
681
505
417
599
266
758
499
397
603
502
599
816
836
284
543
469
311
697
423
510
581
262
753
924
579
280
727
505
450
555
296
711
504
453
560
278
725
503
427
583
307
734
476
313
475
312
404
285
718
279
730
506
393
611
276
740
505
371
643
504
469
544
264
751
506
361
302
509
801
316
449
286
522
489
332
289
394
509
326
681
507
389
620
504
416
594
984
799
735
522
387
618
966
854
728
503
345
654
431
499
582
339
669
405
501
601
284
728
500
422
592
312
699
500
478
523
341
669
511
501
515
326
678
298
667
553
493
286
291
864
794
285
563
442
397
609
981
758
282
502
503
432
585
501
505
504
318
695
507
361
290
601
771
508
467
540
283
727
506
366
648
505
423
589
506
554
465
444
576
339
664
954
811
808
771
720
504
471
540
313
701
505
515
498
397
611
503
511
496
334
677
501
394
615
309
707
498
344
671
283
826
396
443
562
321
688
509
502
503
460
559
315
690
505
495
517
285
728
508
347
663
959
852
731
510
343
661
505
455
556
251
754
508
402
758
789
806
793
491
275
730
911
829
829
474
384
621
434
567
512
266
747
504
376
640
379
623
519
368
798
774
591
310
725
482
287
718
292
498
726
1020
500
336
682
508
396
606
502
502
501
327
688
503
428
572
277
776
472
347
660
996
516
296
718
501
462
549
506
506
509
415
593
502
501
502
325
832
785
835
856
411
392
614
1030
793
821
788
756
810
550
270
750
499
251
737
521
501
464
544
381
506
626
503
333
680
682
723
771
831
785
252
296
711
286
729
271
701
294
454
300
472
546
322
688
509
396
304
538
291
503
502
330
676
511
448
560
286
721
505
394
613
1012
786
722
865
749
818
867
799
817
638
502
500
515
271
817
774
680
502
426
590
499
529
483
334
817
368
390
620
932
729
752
617
500
354
660
904
922
840
821
556
343
677
1009
511
317
690
499
351
753
416
313
695
861
653
935
587
299
715
500
497
885
646
274
740
500
400
604
504
614
804
819
787
511
379
637
499
478
883
851
844
817
754
432
281
641
585
510
408
604
849
779
392
368
642
511
342
695
471
503
372
632
326