394
879
656
486
504
312
578
639
754
661
648
629
363
269
639
629
614
601
622
631
620
640
668
646
675
651
607
262
389
625
384
260
675
634
456
870
646
510
824
655
551
771
665
264
339
521
499
400
665
460
260
730
675
749
737
667
736
507
258
689
732
827
532
305
750
745
676
494
290
288
413
604
258
622
638
506
525
482
501
504
510
283
721
274
509
484
286
713
266
522
795
726
820
816
737
263
374
501
503
514
511
518
486
281
699
766
283
468
541
510
395
814
749
496
350
737
398
525
464
257
372
358
645
846
774
391
338
671
796
719
500
268
747
500
525
491
369
633
511
504
504
295
754
603
494
388
512
419
593
313
697
905
619
506
494
857
624
986
592
302
700
396
415
579
375
751
503
492
515
456
551
307
499
402
310
274
501
491
251
506
506
504
502
464
260
281
371
649
507
503
500
496
510
309
708
508
507
506
350
652
1029
497
499
507
343
664
294
713
253
694
497
573
417
495
596
396
494
276
274
439
443
546
303
353
547
279
642
353
470
521
256
461
268
500
294
453
270
469
283
484
275
742
498
505
507
415
252
584
271
509
1026
498
349
656
253
900
266
592
521
392
612
336
678
1013
445
564
430
529
550
422
474
446
544
334
305
512
501
496
512
309
494
457
535
424
293
275
265
476
259
486
264
356
370
274
506
509
502
521
489
410
597
507
509
509
484
526
329
262
421
501
507
1159
371
517
489
420
586
288
811
419
336
669
426
274
308
407
495
479
512
415
575
331
327
542
282
900
918
868
881
383
276
637
270
812
1161
271
1476
651
264
262
274
500
705
1139
940