732
739
728
760
783
755
753
773
738
744
724
721
685
753
792
778
771
785
747
753
745
715
754
750
736
772
793
756
799
780
767
812
803
766
870
880
867
778
807
830
820
835
806
772
808
856
805
861
870
849
795
811
809
752
718
697
685
722
781
743
766
702
709
773
771
746
800
771
796
765
738
783
794
797
844
865
793
791
834
857
803
870
941
934
846
887
956
862
896
939
876
864
931
836
860
870
807
814
872
909
869
921
939
835
851
877
819
846
890
856
909
885
830
839
804
784
796
790
823
836
919
861
850
897
844
852
818
824
845
835
794
831
853
825
805
884
946
879
833
881
915
899
919
808
853
924
877
793
774
758
813
810
739
771
820
811
784
751
810
832
783
819
879
882
841
878
848
745
701
735
747
719
757
781
789
826
891
807
805
819
854
796
837
868
804
796
834
874
796
772
806
811
801
809
838
847
799
820
847
854
833
779
804
853
828
773
785
817
833
773
834
884
807
814
828
804
813
828
808
802
753
743
773
788
820
818
818
784
803
760
780
794
776
766
782
858
845
796
786
763
750
744
727
770
864
856
810
758
778
735
722
877
865
851
847
888
873
851
798
814
856
833
810
784
745
744
712
738
736
752
815
747
740
707
746
809
799
800
778
832
835
832
875
847
811
836
790
793
764
837
882
866
918
983
867
922
903
836
871
876
813
826
798
846
814
771
811
813
840
775
824
791
780
774
809
787
779
749
769
794
827
750
775
795
797
742
792
822
766
793
816
814
775
808
828
813
789
859
896
878
840
755
772
756
764
742
719
737
758
729
769
784
791
768
815
858
859
796
816
834
815
769
811
775
778
751
780
775
757
718
728
725
695
730
763
777
739
815
765
764
755
746
717
686
704
707
676
677
682
674
651
675
721
759
720
687
737
773
740
778
730
813
812
782
743
707
731
773
780
722
577
510
296
699
677
678
674
677
665
640
633
637
624
622
253
359
3681
1978
555
575
574
583
588
605
621
401
791
619
647
289
394
637
633
306
329
278
270
630
275
575
572
579
601
642
685
688
690
652
652
655
656
649
637
640
637
643
629
628
640
648
662
661
654
666
663
637
637
633
635
643
613
622
643
642
614
615
620
636
641
621
279
353
633
641
601
607
598
585
587
593
618
623
614
635
640
644
378
255
632
633
620
595
591
589
600
602
578
492
711
602
598
622
638
422
833
646
666
688
683
636
678
665
648
681
690
675
648
676
677
633
664
967
354
276
366
660
648
631
648
331
307
423
454
285
266
1006
276
411
610
431
766
610
615
604
620
624
507
714
589
713
252
260
521
484
423
285
591
287
304
443
682
509
756
596
606
602
481
506
853
652
507
792
655
620
467
509
313
637
639
436
838
436
450
393
418
505
336
639
368
282
387
252
267
391
609
517
826
656
650
398
867
436
719
722
603
608
266
351
627
373
445
391
611
271
334
597
595
277
332
679
508
505
302
492
641
614
617
354
252
583
581
575
577
464
499
508
444
340
567
576
574
578
460
506
447
370
609
610
635
656
666
679
395
881
637
489
549
353
514
289
364
373
279
645
635
615
460
770
394
344
473
271
272
509
509
279
634
640
626
619
643
621
501
782
628
644
478
777
625
599
530
504
280
452
275
460
459
538
272
613
620
606
645
352
280
651
646
457
508
266
695
653
630
277
335
614
604
584
581
594
593
602
633
614
637
688
656
363
331
668
520
729
280
456
556
513
279
655
659
672
263
387
653
482
836
514
667
505
499
339
624
547
672
626
473
257
502
270
410
646
648
555
504
279
669
570
673
627
629
563
702
347
310
646
563
719
292
323
620
276
348
590
595
272
325
608
627
612
625
637
609
604
621
631
614
612
467
510
828
607
598
602
598
609
600
607
283
308
436
503
285
608
617
524
504
506
722
293
425
621
471
739
273
332
618
604
599
602
276
315
611
620
626
614
360
382
457
550
416
593
507
345
606
558
498
503
304
629
589
271
420
617
617
604
610
277
330
591
602
606
512
514
765
591
599
598
592
590
316
278
588
580
583
576
592
603
254
330
582
596
593
587
587
602
608
580
331
263
398
787
610
617
506
710
807
367
595
584
597
375
440
382
608
355
256
605
614
269
330
587
602
514
503
755
262
352
607
600
470
501
277
453
273
396
595
533
617
405
500
507
298
566
581
581
557
562
402
276
465
267
327
588
594
581
442
1356
604
596
484
655
550
549
272
273
553
547
555
555
564
564
573
604
271
329
596
605
503
719
620
624
561
509
781
563
644
545
499
504
270
600
601
598
609
627
622
641
634
612
271
279
657
607
480
511
817
607
610
618
593
281
313
595
612
522
277
370
533
447
393
424
588
517
505
274
290
808
611
543
674
611
620
589
549
643
369
447
357
594
598
588
587
599
289
305
588
984
646
742
268
322
599
484
627
709
295
292
595
588
590
604
626
473
274
474
539
516
791
604
614
514
732
273
333
625
613
595
370
833
593
596
602
396
823
612
616
610
619
631
623
609
612
625
621
564
649
603
264
280
659
589
497
509
813
606
623
622
605
267
336
621
568
509
277
534
598
610
511
703
305
300
605
578
584
458
518
448
331
607
634
513
506
505
376
581
451
623
251
252
355
616
542
510
750
264
342
587
581
516
632
381
447
352
550
451
728
668
340
516
315
580
581
554
653
351
507
340
600
579
513
276
347
571
589
595
582
576
516
275
373
580
282
296
593
609
535
511
272
450
280
371
574
578
583
422
723
281
295
572
271
297
1108
646
368
276
454
274
376
586
588
426
759
581
580
584
593
504
687
604
604
597
575
465
519
754
259
327
581
605
510
504
512
270
615
622
519
508
764
591
593
589
588
404
508
821
587
582
529
504
756
266
329
595
606
595
601
608
604
749
370
649
604
595
588
594
599
415
750
589
544
650
585
578
587
593
580
561
565
581
421
746
266
328
594
590
497
727
275
315
596
609
463
693
586
579
578
584
604
610
268
333
284
278
675
562
507
512
307
632
411
677
510
267
599
601
496
565
508
268
610
598
541
511
745
598
596
604
610
611
292
311
602
1116
657
584
588
576
573
579
468
508
635
710
577
571
568
271
313
580
577
259
322
582
595
519
638
579
596
568
576
498
449
648
742
265
325
271
321
587
514
641
586
280
313
592
577
539
451
781
587
586
604
521
641
583
593
584
580
541
645
580
279
308
597
597
527
659
614
618
598
543
650
603
261
335
281
303
596
597
582
580
271
322
596
585
526
647
376
819
592
267
340
615
396
814
538
692
488
713
606
616
598
604
613
584
589
587
587
579
403
770
582
579
602
600
589
595
608
606
556
505
508
513
337
608
281
278
640
578
309
264
583
570
593
597
601
588
259
345
554
657
599
541
653
585
592
592
279
313
586
265
321
591
1104
641
373
503
275
589
572
576
497
659
572
282
291
577
570
577
519
639
580
576
578
591
577
511
648
586
276
321
599
271
311
521
521
718
577
588
597
590
465
517
784
578
588
591
482
501
771
593
576
492
496
493
493
493
491
490
489
483
489
488
493
271
721
275
714
284
715
503
516
507
504
515
516
504
514
505
510
508
513
502
508
509
515
522
526
529
271
264
537
525
530
467
592
525
1041
450
512
580