640
646
715
829
856
780
720
728
760
749
737
805
845
790
738
713
713
696
751
741
698
730
756
937
870
772
733
747
797
792
729
717
749
903
950
810
782
835
755
782
844
749
760
872
939
791
837
920
853
771
809
848
768
739
732
718
775
920
911
855
811
861
909
949
856
761
771
892
930
817
873
920
833
926
860
813
935
1023
1000
883
840
890
931
871
856
988
1032
953
837
824
893
933
831
802
895
937
912
826
801
800
899
853
776
803
903
954
970
977
915
796
747
729
720
831
930
851
789
910
997
1024
870
790
839
896
927
824
842
990
951
817
808
865
816
741
709
744
895
904
841
801
935
1013
1022
927
854
928
981
959
891
952
1059
1054
1013
919
799
851
1072
1043
1059
964
859
855
945
1009
892
811
785
772
889
947
876
889
966
926
880
883
938
879
1065
1082
894
845
926
1154
1154
1091
1082
1032
919
854
946
1103
1121
1037
969
1050
1078
1025
1021
956
841
899
1098
1045
1086
1047
1018
993
917
832
808
774
807
983
1011
1040
1001
928
869
873
1052
1035
861
823
934
1063
874
819
919
868
814
936
840
793
851
1007
1014
964
840
793
823
914
913
848
960
1067
1012
904
914
979
988
876
810
895
990
1016
975
910
815
823
876
910
880
801
824
919
964
878
813
810
863
893
881
796
764
788
804
738
783
765
738
722
752
838
858
874
823
745
705
707
753
844
853
800
793
884
897
896
793
744
780
892
925
941
852
767
778
935
967
990
955
828
769
816
767
701
669
662
651
657
656
637
621
608
596
590
576
576
577
577
583
581
595
603
682
790
835
872
811
879
772
763
810
755
727
786
827
737
768
775
835
748
692
814
996
916
861
774
771
757
708
688
705
687
663
657
632
619
642
671
705
662
668
707
680
651
632
625
615
597
579
594
623
628
631
623
652
875
734
737
717
714
717
662
622
603
599
582
571
564
564
574
570
575
585
614
677
657
648
662
652
653
613
609
600
599
593
585
612
589
592
580
580
457
707
574
564
571
578
565
572
572
584
587
584
579
566
559
549
541
544
542
543
558
580
623
591
563
560
561
582
607
604
589
587
590
581
559
548
537
550
551
553
554
552
552
552
550
558
552
550
551
550
561
587
605
583
599
590
585
564
557
553
546
553
563
562
567
582
596
600
606
574
567
568
575
584
586
583
588
587
580
576
570
571
580
586
601
621
622
619
625
624
591
599
627
635
616
593
588
572
570
552
549
548
543
563
590
592
594
575
574
568
575
568
569
577
578
578
563
558
552
540
543
536
536
542
534
544
558
578
594
575
558
565
559
549
558
552
560
561
574
563
541
541
542
558
568
571
571
564
553
552
557
560
555
543
535
534
522
512
512
358
660
506
503
506
510
519
522
529
535
539
524
524
534
556
563
553
545
540
534
539
537
539
545
563
564
549
575
566
558
563
553
546
541
538
542
545
535
531
528
525
531
524
538
552
560
582
566
566
561
548
543
537
541
533
544
540
549
551
548
550
538
542
554
558
558
558
551
547
541
538
536
541
540
537
540
534
532
528
529
522
530
525
541
572
591
578
572
588
568
548
538
535
528
524
521
525
549
563
592
604
595
585
571
557
549
543
533
526
524
520
514
514
521
518
508
510
520
517
513
521
530
532
524
526
539
555
581
557
539
528
521
521
510
521
534
544
532
552
550
563
587
563
600
595
554
540
532
523
511
510
518
519
524
552
559
545
541
543
546
543
562
551
546
546
535
541
547
555
557
549
543
538
541
541
536
534
535
534
528
527
524
525
524
529
532
546
547
553
553
566
562
536
532
535
538
546
537
551
573
591
566
553
554
559
570
583
572
589
578
557
538
527
522
517
516
525
564
607
608
644
655
651
630
615
601
585
584
572
554
543
539
534
527
523
528
533
552
574
564
560
569
561
544
541
533
531
532
533
531
528
525
529
525
518
515
521
527
532
537
525
527
531
539
535
530
525
526
540
546
552
551
562
555
563
566
568
563
549
535
531
527
566
570
557
569
617
635
607
591
567
550
546
531
526
518
515
518
509
516
520
536
546
548
539
529
524
514
511
511
517
532
529
525
528
531
543
536
534
533
542
538
523
524
528
528
528
529
522
526
530
531
531
526
524
523
524
516
520
521
534
586
609
607
595
570
564
544
531
535
546
562
565
560
545
539
529
523
521
521
524
530
533
541
590
630
611
637
619
616
621
603
579
577
567
566
542
538
538
538
536
294
774
532
533
537
543
532
536
555
555
544
540
563
578
579
567
556
550
566
579
572
562
557
564
554
545
538
537
549
545
542
531
543
578
601
603
587
570
570
581
596
598
577
569
567
572
557
539
534
527
521
520
526
535
554
563
576
552
547
546
562
565
547
543
542
545
546
548
556
544
546
553
552
547
551
546
552
556
556
560
560
558
547
534
530
526
529
538
540
557
578
610
615
643
632
580
578
572
565
555
553
563
565
562
550
549
542
539
537
532
538
536
537
546
568
569
563
568
565
559
568
559
552
542
547
545
542
552
545
540
532
533
547
544
572
590
590
578
559
540
539
539
534
546
546
547
552
555
551
543
541
542
539
554
554
549
546
542
558
546
545
542
534
530
525
530
522
518
522
525
538
558
599
573
565
571
572
563
546
540
530
525
525
539
546
540
546
539
544
533
528
523
519
516
511
515
527
542
517
521
531
560
604
619
595
574
566
559
550
544
551
566
602
580
619
659
685
662
620
407
314
486
602
584
584
583
571
578
563
551
540
534
534
531
528
539
545
557
579
566
579
603
603
603
603
579
580
586
598
607
587
577
591
617
604
582
562
549
542
537
533
557
591
586
558
568
589
620
595
616
612
593
594
596
582
562
558
546
538
537
538
539
522
545
529
531
525
524
517
531
533
534
539
534
534
532
537
532
533
530
525
524
519
520
514
515
517
532
541
541
544
560
619
711
682
703
716
653
650
613
567
550
544
538
537
532
534
531
537
527
521
520
513
516
524
512
506
506
516
358
735
637
620
605
614
610
636
604
596
646
663
616
604
646
789
712
650
694
731
673
657
702
719
657
616
614
616
656
655
664
671
707
675
644
628
693
795
697
685
748
748
685
682
696
699
769
906
796
703
704
760
745
708
694
781
800
734
736
809
768
728
752
836
772
723
760
803
753
706
719
760
745
718
760
869
763
685
682
731
829
737
704
763
797
745
738
788
867
785
697
696
731
842
751
715
798
880
824
745
768
812
893
787
758
856
886
788
757
854
921
835
756
782
900
960
901
784
772
838
907
866
790
805
935
882
771
711
693
640
657
979
908
876
606
992
809
924
972
922
930
928
893
780
741
750
860
979
888
910
932
820
805
843
896
912
960
980
947
832
813
884
942
836
832
905
938
944
923
891
843
780
721
730
747
848
885
878
827
820
916
872
853
870
791
739
736
792
996
960
961
919
745
706
693
730
1043
976
920
865
814
860
934
900
820
870
916
931
844
838
912
897
834
827
846
882
740
788
826
771
823
955
966
869
806
879
893
849
862
858
782
794
846
938
981
893
791
819
893
898
879
797
781
803
735
714
695
691
650
659
709
734
723
662
661
673
694
697
688
711
751
854
860
738
750
923
985
895
860
858
866
894
887
874
846
855
862
882
891
899
919
904
891
903
901
899
888
890
858
854
874
875
892
897
895
868
816
715
743
913
964
815
773
818
858
790
747
746
810
887
883
799
765
801
874
916
936
917
834
823
865
876
844
933
967
1000
989
973
938
926
932
926
901
864
805
884
968
942
919
906
892
889
810
872
812
732
727
692
826
883
808
759
809
874
938
961
922
815
795
806
846
830
873
964
1003
893
837
852
876
850
844
919
920
894
947
961
955
819
742
727
725
895
944
929
884
890
897
906
907
867
855
869
878
865
865
888
891
878
841
844
822
873
853
783
771
836
892
913
817
779
782
838
894
878
771
744
761
811
862
871
839
841
880
858
816
748
721
720
746
822
872
902
861
835
841
842
870
849
786
782
841
893
813
780
824
917
930
783
739
729
763
879
853
770
785
865
825
782
841
763
677
640
648
790
698
663
642
645
662
727
684
649
631
628
652
696
713
686
674
666
716
808
730
670
648
623
607
634
649
639
636
658
716
744
692
669
722
823
835
761
742
861
804
773
882
844
822
784
749
709
822
840
844
729
688
701
694
701
676
685
710
813
733
667
645
640
646
601
582
573
585
630
639
660
680
662
621
618
590
597
613
654
730
813
769
739
761
795
838
783
748
823
805
706
677
707
707
682
637
615
604
608
646
664
649
631
630
641
654
630
620
634
665
729
690
688
697
734
737
679
654
658
701
887
719
715
762
817
722
729
699
862
959
831
803
823
834
825
771
710
712
765
838
796
815
892
923
848
840
865
850
831
854
858
832
832
855
838
817
839
816
803
840
839
828
849
833
823
689
636
614
625
700
704
713
666
702
659
670
773
755
759
720
698
656
634
616
596
606
740
978
834
803
866
874
852
879
890
864
851
872
862
838
853
785
761
736
727
749
859
860
785
793
770
904
957
912
851
886
938
922
848
877
908
936
887
873
893
912
921
906
903
919
920
909
877
898
897
892
870
846
861
874
839
835
903
843
861
888
893
859
877
891
888
867
892
901
906
887
888
913
912
879
862
878
868
852
765
662
660
638
734
787
794
844
875
845
797
740
673
587
542
512
501
510
528
563
553
554
557
583
664
646
586
634
620
634
569
601
561
560
546
549
568
568
578
584
568
567
543
526
517
510
510
516
529
546
571
576
559
555
576
655
722
659
683
686
668
678
688
707
659
635
637
669
651
630
595
576
555
547
549
631
701
650
736
943
796
768
791
811
805
798
790
816
849
818
793
793
823
839
847
822
831
866
880
871
843
883
891
895
868
884
898
868
861
894
879
841
830
867
859
822
815
864
880
850
840
864
859
875
858
861
896
891
855
885
876
835
848
858
743
749
729
724
696
728
832
932
916
817
831
941
943
931
858
853
902
943
964
925
879
932
920
890
885
899
909
893
880
889
886
870
812
668
699
957
967
877
874
900
904
881
901
905
868
883
892
893
849
855
870
868
878
864
843
876
902
917
915
900
891
902
910
913
881
873
902
923
942
924
920
943
938
932
875
721
748
957
876
731
703
811
882
927
931
919
818
768
783
854
911
924
916
919
868
809
817
886
883
752
720
740
813
863
775
790
840
896
839
793
825
910
913
820
811
910
940
833
839
828
878
854
781
789
847
909
862
832
873
926
897
797
762
787
827
798
797
832
799
711
713
687
664
724
906
735
714
730
696
687
702
696
670
674
632
640
630
605
600
580
622
658
651
607
583
589
607
618
616
640
732
823
688
671
662
650
663
665
634
634
721
715
791
709
672
660
716
711
690
709
787
694
647
646
687
697
651
617
622
629
621
653
725
668
668
731
836
704
670
693
709
716
683
722
773
710
666
670
635
643
680
793
707
688
708
789
775
685
658
683
697
724
709
727
725
744
735
937
960
739
659
668
786
905
714
718
721
933
913
795
807
851
848
768
721
756
835
781
806
812
805
856
789
798
835
863
764
706
690
755
748
723
780
814
866
806
755
754
637
594
598
718
810
990
952
873
880
889
855
859
835
681
684
683
689
842
932
853
849
851
861
857
849
825
681
675
722
720
721
898
1012
841
870
895
890
903
877
862
876
867
828
748
912
839
792
791
785
770
750
793
993
863
746
713
716
741
722
1077
867
794
827
840
806
724
713
747
719
728
759
744
700
769
997
925
782
736
689
663
726
794
759
789
819
831
761
703
733
778
885
810
802
1002
935
901
823
866
885
899
900
811
832
822
844
864
878
860
800
765
809
796
871
889
803
768
743
773
850
892
907
839
850
851
896
907
788
801
865
942
952
896
920
912
917
938
939
884
830
860
885
893
820
877
946
971
913
852
885
888
905
892
838
812
809
867
840
801
825
861
868
837
728
685
713
977
935
880
716
672
688
976
954
850
795
819
912
841
874
906
891
891
819
743
695
700
781
816
835
725
691
695
709
682
654
770
827
864
754
697
675
641
664
812
804
713
684
646
703
832
857
845
764
689
665
677
764
899
958
982
866
817
825
791
788
724
690
809
854
838
754
717
689
642
638
668
723
903
890
793
734
756
716
678
811
879
771
754
754
706
657
649
813
854
813
786
852
908
875
777
720
718
802
879
890
793
712
666
662
796
936
771
761
866
874
872
793
743
752
766
790
737
751
817
1001
936
912
812
713
681
714
793
725
794
1037
985
883
793
794
855
897
887
834
751
765
773
706
828
1058
985
932
951
894
856
788
827
880
844
771
776
833
735
717
916
944
824
738
737
790
897
804
760
732
730
792
941
960
858
760
748
833
907
918
857
804
840
943
961
959
900
817
795
846
1002
962
891
899
981
975
942
923
904
905
781
729
772
1047
898
793
918
897
821
875
985
1007
853
793
831
900
968
967
861
789
873
954
987
929
804
816
868
889
832
767
767
728
741
746
758
845
778
729
765
775
734
688
664
680
738
843
837
779
790
794
775
808
795
760
723
776
913
790
849
941
885
897
756
692
682
1028
962
895
837
869
925
967
946
962
936
939
953
913
850
840
860
910
913
847
785
790
834
893
956
930
838
848
793
864
969
802
789
856
964
991
1018
914
943
976
959
880
853
958
1001
928
981
1028
1069
988
954
935
857
926
987
914
930
1007
1044
1002
1007
886
848
860
956
1033
1016
974
858
905
995
979
1014
935
917
959
999
1006
938
881
952
1021
1027
956
901
879
944
991
991
887
847
877
979
999
920
916
963
998
1010
912
925
989
1009
967
861
897
959
962
1002
908
905
972
967
932
869
834
872
976
1001
950
870
898
980
984
979
943
998
1002
949
878
799
846
959
988
867
813
829
864
936
876
893
931
951
905
848
891
959
944
859
839
887
902
804
796
865
956
841
796
865
952
1015
987
842
864
907
972
876
800
901
1061
1007
948
921
933
944
941
917
880
752
677
817
1018
826
776
860
1001
1003
878
771
771
910
994
934
877
967
961
934
902
788
772
739
764
896
775
820
783
827
1011
985
955
806
738
805
1011
993
855
783
868
991
949
879
814
845
907
930
965
953
890
858
907
940
947
906
920
962
977
901
802
805
874
938
948
944
899
854
898
976
951
964
941
843
810
855
941
981
916
882
928
977
922
847
832
866
892
955
892
836
896
976
992
920
906
956
956
935
849
830
919
944
980
881
848
920
962
965
874
807
836
877
945
982
918
821
826
884
933
920
861
836
848
910
925
927
895
861
896
915
922
901
851
850
882
830
855
943
939
841
815
826
893
883
781
801
1055
942
906
868
830
904
896
765
712
710
702
720
825
975
856
804
854
880
936
820
740
748
827
1003
932
824
731
729
787
1005
984
895
893
906
910
922
904
863
718
733
941
1005
976
895
908
919
918
839
708
704
854
813
771
1099
913
888
903
978
938
935
900
848
846
890
940
949
878
852
906
939
845
801
841
887
918
943
917
857
919
952
944
807
741
739
833
950
966
936
828
828
917
984
977
925
782
745
844
1029
956
789
708
721
928
993
946
872
918
924
912
888
775
704
725
824
994
984
950
858
839
876
887
885
808
767
837
952
948
911
813
795
838
928
941
939
876
813
827
867
941
940
940
918
879
834
872
905
909
930
859
825
912
976
938
839
749
753
800
907
948
786
795
893
1012
997
980
938
804
714
738
1090
948
926
903
905
926
934
893
880
880
898
924
937
950
922
837
807
835
778
758
857
755
765
800
793
867
948
982
946
938
972
960
957
906
826
802
811
900
916
858
740
782
716
779
838
728
680
682
721
716
676
677
735
850
811
731
700
759
804
868
833
760
698
702
737
775
772
776
741
790
836
868
825
740
658
646
642
681
705
896
913
927
886
753
701
664
705
941
823
784
829
898
884
874
899
840
857
808
790
865
923
908
894
784
748
820
953
878
734
714
787
1028
983
936
913
893
869
909
898
921
894
870
828
824
858
891
920
917
871
842
888
922
957
957
912
867
907
922
941
936
940
871
891
943
957
968
856
801
799
886
956
953
857
827
865
933
916
780
771
816
908
932
915
1059
1012
961
963
938
844
746
759
824
938
919
862
760
762
804
855
811
779
800
909
946
889
896
836
824
792
837
891
1019
950
828
759
809
922
972
818
750
776
856
852
773
778
814
933
849
718
711
673
651
672
868
769
721
882
783
700
697
746
781
743
729
688
684
669
672
710
756
740
754
743
774
819
778
742
677
644
639
718
1072
939
877
829
828
744
744
852
905
877
814
893
965
991
873
868
923
938
944
875
859
792
704
992
881
842
901
964
1029
993
971
950
938
910
876
900
942
983
995
904
845
884
942
961
955
985
943
867
907
946
960
1021
1002
931
858
916
944
963
947
890
825
813
905
943
902
852
859
914
946
965
903
825
836
884
911
921
854
810
850
903
938
937
958
946
934
918
917
886
888
950
817
772
792
845
990
1020
980
841
818
878
845
752
769
854
790
746
777
848
916
852
787
825
859
893
788
752
799
875
915
834
772
829
941
956
844
789
816
848
897
930
860
854
921
979
959
878
896
987
984
973
902
900
954
993
1000
982
896
879
896
923
923
863
896
807
746
841
987
890
885
936
966
923
902
893
922
900
848
798
888
1012
937
892
817
938
974
963
895
858
912
955
908
787
767
845
919
871
779
760
856
915
882
788
782
877
949
956
891
761
751
817
984
968
859
822
884
987
970
839
781
837
860
874
809
781
818
907
915
846
812
831
857
865
798
771
776
794
815
801
771
730
725
731
688
724
877
808
721
672
637
681
823
718
693
738
732
709
665
675
740
709
666
628
646
677
695
684
727
701
645
615
594
610
640
664
637
604
590
584
593
585
562
556
559
567
560
550
557
557
561
556
560
565
578
598
584
582
573
582
585
587
600
626
647
635
635
670
664
628
613
626
649
639
608
592
587
597
636
658
645
671
751
644
649
661
761
714
716
653
644
692
768
802
705
718
693
752
749
704
729
840
700
653
680
721
763
935
861
753
741
771
819
763
783
834
818
751
746
874
867
774
744
827
820
786
819
845
755
718
745
813
842
795
790
830
839
786
761
807
844
892
861
785
743
781
845
791
799
831
882
915
822
803
823
858
900
836
783
790
898
940
937
858
831
864
890
872
805
778
799
815
745
760
823
888
826
803
844
899
897
835
783
802
823
899
885
857
779
723
776
812
874
877
799
758
805
836
883
857
793
760
812
871
897
806
761
736
746
778
795
750
716
714
771
833
873
889
834
790
753
781
827
871
919
925
932
944
849
777
731
842
995
928
873
864
857
874
922
899
858
832
881
878
894
803
724
732
979
905
829
766
746
779
855
872
814
768
778
826
886
895
819
808
874
896
899
836
781
773
816
863
883
886
804
782
833
874
907
903
880
892
880
796
743
750
808
908
864
824
881
919
920
898
839
759
742
737
737
735
715
708
943
966
887
789
750
734
743
763
948
922
843
799
816
855
823
822
843
830
760
797
806
797
752
674
648
632
638
710
779
696
651
682
751
779
702
658
678
725
703
656
650
698
690
653
709
806
777
738
672
641
646
699
827
736
685
673
684
717
701
711
769
752
746
747
747
682
655
664
652
621
660
737
706
749
751
703
648
628
634
651
704
708
695
718
784
805
739
739
780
789
767
704
676
666
667
959
895
949
876
859
900
927
921
790
767
797
828
783
779
734
708
743
754
709
662
656
661
693
678
666
682
723
725
669
640
645
678
777
995
836
738
700
677
742
818
899
833
750
767
812
756
756
755
809
868
825
783
822
856
773
780
810
822
792
728
738
814
864
781
695
709
802
895
820
730
781
718
675
642
638
732
863
758
696
751
834
732
749
783
792
741
708
708
728
706
718
694
682
701
686
646
641
643
671
685
775
746
823
815
729
696
725
700
663
657
714
821
779
711
687
674
695
763
943
880
925
911
756
687
697
844
814
725
863
1017
948
857
803
847
891
917
831
779
809
877
861
834
896
914
908
904
836
817
844
854
905
935
871
864
951
958
851
844
920
968
899
860
923
942
953
881
849
907
938
961
967
894
871
928
945
889
868
936
958
867
812
877
909
929
917
831
824
873
883
821
786
851
924
942
932
856
859
908
917
849
775
770
819
867
849
830
906
937
875
815
819
853
834
765
751
810
837
807
840
847
780
737
751
783
832
871
832
784
795
818
822
777
725
725
768
788
854
768
768
787
930
867
811
745
752
836
895
860
773
754
836
831
781
815
866
953
934
856
796
797
864
919
881
847
796
809
952
949
932
920
902
841
838
869
912
853
760
822
1023
999
947
897
851
899
956
973
932
938
923
885
918
945
942
951
905
881
925
935
951
925
896
883
905
888
846
774
810
836
780
700
687
704
837
913
949
977
970
941
904
913
936
927
918
913
946
965
936
874
834
883
976
998
992
950
916
899
1025
1047
1013
951
894
834
813
800
738
733
815
864
839
789
850
831
819
846
811
787
776
829
819
811
788
749
717
707
727
834
958
909
902
768
715
751
910
895
893
781
793
855
729
777
790
735
758
885
888
789
731
735
809
818
725
708
738
776
792
869
980
975
839
816
860
911
939
944
907
846
897
956
969
943
920
886
851
872
940
1003
984
985
940
897
882
880
913
875
908
960
997
970
815
772
804
1007
916
816
797
907
968
972
938
899
919
927
925
866
790
763
828
873
846
871
916
947
927
859
869
861
868
802
789
808
850
830
790
842
839
823
831
848
862
825
840
905
896
849
786
811
822
901
859
815
821
828
859
877
770
722
748
839
894
873
811
811
840
893
890
781
705
703
764
849
855
795
727
704
718
751
796
752
715
669
647
642
646
677
698
727
744
706
661
635
636
654
641
606
606
596
615
635
764
768
813
768
706
723
734
762
744
699
710
741
935
832
841
819
793
725
670
704
978
896
823
769
793
831
856
859
798
782
802
830
852
871
830
781
743
743
783
806
827
800
773
803
840
814
733
712
733
796
882
884
884
829
816
844
881
906
881
844
853
889
914
836
782
781
813
844
869
842
806
802
805
824
820
793
743
746
755
721
712
846
801
688
630
612
603
644
681
712
752
747
756
757
725
703
730
731
752
809
774
747
719
723
715
736
865
737
773
790
754
780
946
761
700
686
711
800
736
709
743
754
731
747
763
719
722
747
729
724
727
690
651
636
604
598
586
583
586
588
591
669
768
727