640
642
628
640
620
634
625
601
609
623
624
649
671
660
687
688
684
667
666
682
725
815
770
775
839
858
798
720
722
704
669
685
673
662
680
711
704
741
740
733
704
714
721
718
736
691
703
706
690
681
703
710
707
699
742
763
703
711
708
669
682
708
688
689
713
738
729
706
722
720
702
723
748
797
814
727
736
696
665
636
638
655
693
727
697
694
721
721
715
686
678
692
726
750
770
719
751
800
858
968
912
877
912
897
813
826
820
764
783
731
702
715
750
754
807
821
776
845
860
805
821
901
841
846
891
947
847
851
812
754
766
763
739
800
855
855
772
759
766
714
734
740
787
786
784
809
754
762
783
956
915
874
821
829
797
768
710
710
711
697
698
720
758
776
748
759
782
763
720
766
790
798
748
757
759
739
733
758
767
738
768
785
761
776
797
778
717
710
723
722
709
733
734
717
723
740
763
720
744
744
721
735
745
738
715
728
735
715
750
751
766
723
738
739
713
737
750
717
733
762
730
734
750
731
729
731
738
712
694
673
653
669
683
681
710
747
727
719
744
767
729
718
754
813
841
786
813
855
822
788
801
851
819
802
859
911
868
904
878
797
809
827
841
805
813
830
820
765
770
794
775
748
776
794
785
749
769
783
757
729
765
792
755
778
787
744
769
769
746
751
771
823
838
795
819
848
780
796
848
829
778
795
782
729
729
725
710
729
785
841
767
764
743
729
721
751
763
742
748
753
757
733
741
737
726
705
708
725
740
741
709
721
727
701
697
709
719
734
709
729
735
728
698
685
709
722
690
698
707
715
696
720
749
729
733
750
721
715
726
727
704
730
748
752
736
768
771
792
816
806
761
766
733
743
775
824
781
792
811
771
815
817
783
797
766
787
835
788
766
774
825
785
785
847
815
771
777
778
730
747
755
757
744
772
776
700
657
642
635
657
658
655
650
646
633
621
608
602
592
589
583
577
568
561
556
550
545
545
537
542
533
535
541
541
539
544
561
567
563
573
575
582
582
574
578
574
570
573
581
580
579
574
574
568
560
558
554
556
548
549
549
546
546
550
553
553
555
553
551
553
546
540
539
541
534
536
527
528
523
526
528
530
531
536
543
553
562
564
565
574
564
559
552
552
546
541
539
539
537
535
539
531
536
534
530
529
525
339
710
526
525
528
535
539
538
534
545
542
545
546
541
538
539
536
535
539
539
537
539
540
542
548
551
555
559
559
564
562
563
560
557
554
554
552
554
542
537
536
546
557
557
545
562
571
587
598
602
570
575
575
569
561
559
565
567
568
565
571
563
605
534
582
1185
604
606
293
880
2832
550
547
545
539
533
523
523
519
525
526
529
521
519
522
524
535
532
536
537
540
538
537
542
546
541
540
534
525
521
522
523
520
527
527
525
526
522
518
526
524
521
527
521
527
525
519
521
521
528
523
526
529
523
518
525
527
528
526
520
523
524
511
524
525
535
536
539
540
553
554
560
571
585
594
592
576
569
577
580
587
593
599
599
578
583
570
578
584
594
604
620
635
640
635
635
627
626
628
612
609
610
614
598
596
602
602
599
623
624
628
632
629
626
613
603
600
597
590
586
601
598
606
611
602
605
619
614
610
604
604
598
598
601
584
591
584
576
586
587
594
608
602
604
602
608
610
624
620
627
619
619
595
570
566
572
566
561
557
559
554
554
545
557
546
560
566
570
567
569
559
559
561
548
545
535
538
535
537
543
533
532
527
529
538
527
526
526
536
523
522
532
523
521
520
522
522
526
523
530
518
513
515
514
519
513
513
518
515
517
517
512
508
515
518
518
521
523
530
529
538
1079
538
559
555
564
559
560
561
550
551
542
525
520
514
512
519
521
521
521
511
519
519
514
516
515
512
493
506
506
493
495
494
492
498
499
499
503
507
507
509
507
501
507
506
504
498
494
496
497
499
500
505
515
509
505
512
498
495
499
503
491
493
494
488
490
501
509
511
514
506
1016
507
511
509
511
517
518
509
501
499
502
508
514
516
523
523
531
521
525
526
523
527
536
535
531
527
527
532
530
530
534
537
530
532
532
533
528
521
521
513
511
517
521
521
515
516
523
481
560
516
503
507
497
503
502
503
501
506
502
495
498
494
495
494
494
494
491
490
490
490
490
487
493
490
491
493
491
500
506
500
509
503
499
493
494
498
491
499
493
498
499
503
504
505
508
515
512
518
499
504
498
491
494
494
500
501
505
502
499
499
495
497
499
494
491
493
491
489
491
496
501
498
494
490
491
497
504
509
513
508
511
515
501
504
504
508
510
512
504
499
505
500
510
521
528
527
517
513
514
520
523
516
519
526
526
533
527
522
525
516
514
515
513
1038
525
527
522
520
525
536
537
530
533
540
554
548
546
545
549
558
562
557
543
554
545
537
544
542
552
542
553
555
549
550
559
564
572
566
557
560
545
546
552
562
562
562
568
571
578
571
573
563
568
559
558
562
560
550
542
542
544
534
543
542
551
551
536
545
553
552
557
1104
555
552
542
520
534
526
525
526
528
526
521
524
523
532
524
528
529
536
540
535
533
538
543
542
537
539
547
548
541
535
541
543
558
554
542
563
563
563
568
572
544
577
574
566
559
561
557
556
548
542
522
527
544
537
540
540
541
551
558
553
543
553
548
548
554
557
565
568
569
575
572
571
556
557
561
566
568
568
557
563
573
570
554
565
564
558
550
557
552
561
551
562
559
560
565
556
561
553
557
549
554
553
555
547
557
559
556
561
566
569
577
573
568
566
555
547
542
544
545
538
538
543
531
526
531
533
521
520
520
524
522
521
522
517
529
534
542
540
543
548
549
563
563
563
563
561
558
553
548
547
545
538
535
529
531
525
529
527
521
521
522
522
520
521
521
527
532
523
521
525
523
525
523
525
531
523
516
514
515
1044
519
517
512
512
516
517
522
513
519
519
527
525
530
533
537
538
530
532
530
527
523
529
529
535
537
531
534
537
533
544
534
544
539
541
547
544
546
546
548
537
532
535
539
549
541
544
534
539
547
546
544
542
549
549
545
551
562
565
563
566
560
564
556
542
546
549
551
557
556
561
562
547
555
553
545
534
537
544
545
551
549
538
543
543
543
543
542
537
543
549
540
538
546
550
549
552
547
544
537
547
537
533
529
523
520
527
528
535
528
539
541
538
531
533
534
536
540
522
534
521
536
537
531
531
532
529
514
526
518
521
523
523
514
515
519
515
515
509
505
505
505
509
495
495
498
503
497
501
495
493
487
499
497
497
493
493
499
502
508
508
512
503
510
510
508
516
508
514
511
518
519
519
523
528
521
523
529
537
543
538
536
546
538
521
534
532
528
529
532
532
525
526
531
523
531
537
535
547
541
1071
535
546
538
533
529
530
520
529
530
527
537
532
528
533
531
533
533
542
532
533
541
535
535
534
535
530
529
532
532
530
526
535
541
533
530
531
532
535
524
528
533
533
526
527
533
529
531
535
526
533
539
528
536
537
1079
539
541
545
530
539
540
544
539
545
544
538
538
529
527
528
522
525
521
523
525
534
534
534
532
544
544
540
546
533
535
536
534
535
548
545
545
541
545
545
544
544
544
537
540
544
538
542
538
537
542
538
539
540
540
532
535
533
537
538
537
533
527
532
537
535
535
533
536
533
535
536
536
532
526
528
524
522
522
523
521
525
527
530
534
522
528
531
524
526
524
521
525
531
526
523
528
528
532
531
538
540
528
537
538
533
528
524
530
534
529
520
521
523
530
536
525
533
533
532
529
525
531
522
531
522
530
529
538
530
534
527
521
520
525
527
522
510
521
515
503
511
512
517
516
521
519
520
524
520
530
532
531
534
535
525
521
527
524
533
523
524
527
531
524
531
531
527
534
525
522
523
526
529
525
521
519
512
521
520
522
518
522
517
516
515
516
514
516
510
507
501
504
505
496
497
499
503
504
501
500
506
509
511
504
508
512
514
516
520
524
524
522
521
526
517
521
519
522
528
531
533
527
531
535
532
535
533
527
527
529
517
530
531
528
541
533
535
532
523
522
523
529
527
531
526
521
525
524
517
520
526
524
527
523
528
525
516
521
522
525
521
522
514
514
517
521
516
512
519
521
517
522
517
521
522
521
526
531
531
530
534
527
532
529
533
531
523
525
527
522
516
518
521
512
520
517
520
519
521
522
521
519
521
521
514
520
522
518
516
521
517
523
518
516
518
511
519
516
511
514
514
515
503
514
512
513
508
516
498
506
493
499
504
493
502
495
501
495
495
490
489
486
483
485
471
480
478
469
474
477
478
472
467
472
472
472
468
464
459
470
462
463
460
916
458
453
453
453
451
449
452
452
448
446
450
450
451
451
454
452
459
461
463
463
462
463
469
464
464
466
469
468
471
472
476
473
479
481
484
482
488
493
490
493
493
498
495
495
495
506
506
509
510
507
510
507
515
520
523
524
527
518
517
510
510
511
519
513
520
521
522
1056
527
527
524
514
518
513
516
516
514
517
499
508
509
507
508
507
511
503
497
501
500
492
501
499
492
500
498
499
499
502
499
504
500
492
498
496
489
493
498
496
496
502
494
494
496
493
485
486
488
491
498
500
504
500
502
500
496
497
495
486
485
493
489
492
489
488
484
483
485
490
494
493
494
492
495
491
491
482
483
480
479
480
475
475
478
483
484
476
483
487
490
485
489
495
485
488
488
484
495
495
496
496
486
489
492
488
485
494
484
495
479
489
490
495
494
499
495
499
496
496
495
493
483
485
487
479
483
487
487
484
488
477
483
485
479
487
483
484
479
482
489
488
481
487
482
488
489
480
484
479
485
490
489
491
488
488
486
486
482
473
481
478
468
476
479
477
478
479
482
486
479
479
479
489
487
490
488
498
500
503
512
517
523
515
509
510
508
507
503
498
506
508
509
517
516
520
514
511
509
504
508
499
506
509
509
503
513
521
511
515
520
510
504
504
508
505
499
504
513
513
507
505
506
499
502
506
507
508
511
500
510
507
510
509
511
507
501
497
501
500
499
503
495
501
502
505
500
496
494
492
495
493
486
491
496
496
493
490
499
497
498
486
493
493
488
993
496
494
494
495
496
494
498
495
497
505
507
506
504
493
498
501
499
499
494
495
500
500
505
502
506
504
506
501
501
501
503
502
504
515
509
513
518
521
512
518
518
511
514
520
514
516
522
518
523
522
524
532
530
529
526
524
1045
522
522
521
521
523
518
518
520
521
516
518
521
521
523
526
518
522
524
524
516
519
519
517
518
518
522
514
514
516
511
506
512
511
503
510
508
502
506
500
504
506
511
516
514
507
511
505
500
508
507
504
512
516
514
515
521
520
516
514
514
517
518
516
521
512
520
521
508
517
520
522
514
519
511
511
515
514
521
517
513
516
515
506
508
515
514
508
513
510
509
512
514
510
511
516
513
510
516
515
505
507
512
506
508
509
500
504
500
491
483
476
479
475
468
476
293
658
472
478
476
481
479
484
492
488
492
501
502
496
497
496
491
491
483
485
971
485
487
482
483
489
489
495
493
495
493
498
489
489
482
490
487
482
484
486
482
485
485
482
479
481
477
471
469
469
471
476
471
476
476
475
465
467
471
467
468
470
466
467
468
458
461
461
464
460
459
461
462
462
461
461
458
300
619
452
449
452
456
455
452
452
452
455
453
456
452
456
454
457
455
457
453
449
450
447
455
450
449
448
452
440
444
447
446
445
451
448
454
452
457
447
455
453
455
451
450
446
453
453
458
449
451
463
462
462
468
460
466
466
466
464
465
464
458
468
467
459
462
463
462
461
466
466
464
466
464
463
468
463
466
468
470
474
477
484
483
487
488
487
485
483
486
487
486
481
482
488
479
477
483
479
483
479
484
480
477
481
479
481
482
485
489
489
490
495
493
503
495
496
494
490
485
494
496
500
498
506
503
511
509
507
507
505
500
507
503
504
505
505
505
504
506
508
506
508
507
506
504
504
503
500
498
496
501
496
492
495
484
480
485
485
489
488
486
485
482
479
482
290
672
474
474
474
477
474
475
471
468
467
466
464
461
461
458
459
453
453
458
449
449
446
444
442
441
442
437
436
436
438
433
428
433
428
423
424
427
426
423
421
420
417
417
418
417
410
412
415
412
414
415
410
408
408
407
405
407
406
406
404
401
402
401
401
399
398
398
396
396
788
394
392
292
490
390
389
386
385
389
385
386
387
381
383
385
386
381
768
382
384
387
387
386
387
386
386
389
389
385
388
391
386
389
388
389
390
390
390
390
389
780
391
391
299
485
387
389
388
389
389
389
389
390
390
390
390
390
392
393
787
394
395
396
396
398
396
404
399
401
401
401
405
406
403
405
813
405
404
407
408
407
409
408
409
414
413
417
417
424
422
425
426
426
422
423
427
435
442
466
467
463
457
455
456
451
451
453
462
465
464
461
461
465
472
471
470
476
492
485
481
492
488
486
480
487
483
477
484
478
476
480
473
476
479
484
307
658
495
495
495
494
497
494
496
497
330
670
507
516
511
515
524
531
530
531
537
562
588
600
604
608
621
602
604
606
611
594
600
612
619
611
634
641
635
634
641
640
638
650
659
653
641
640
637
629
631
630
625
635
628
619
605
607
611
615
602
582
583
564
567
551
538
542
542
537
531
531
520
539
540
541
543
556
561
573
585
594
595
591
586
581
575
568
563
564
571
576
588
603
612
630
651
634
627
608
592
585
579
578
581
571
580
575
586
583
589
592
582
587
589
618
630
633
646
636
624
622
1215
587
577
562
562
559
559
560
569
582
588
594
606
625
643
654
659
667
667
664
664
663
647
634
631
629
611
590
573
577
577
585
594
596
592
593
603
616
625
636
650
668
679
668
663
662
663
669
660
661
671
679
676
665
672
685
675
654
646
643
638
630
565
707
643
646
659
670
678
660
653
652
655
643
634
635
644
646
659
696
718
723
688
687
696
698
712
684
698
708
729
718
686
687
689
696
681
681
693
692
704
686
691
680
664
661
668
678
673
673
695
696
694
672
674
705
696
694
695
688
694
720
719
712
678
685
690
699
697
679
671
670
682
692
681
332
348
686
703
707
256
429
694
692
690
684
695
712
717
707
720
695
675
684
669
650
647
632
614
600
604
614
647
689
709
726
507
448
423
685
686
659
666
684
251
423
676
252
431
681
681
683
692
678
674
691
705
709
682
676
672
648
647
648
656
660
671
687
683
683
672
666
648
636
629
619
609
600
603
614
640
674
706
723
735
708
700
700
487
941
690
679
678
692
370
325
686
647
624
629
637
485
837
681
683
663
637
629
617
618
616
567
666
621
631
644
479
850
680
695
676
583
790
266
431
701
699
695
669
664
664
264
399
665
667
652
651
655
646
641
643
649
592
698
640
636
636
438
812
626
627
639
627
619
614
610
614
615
623
633
442
907
731
729
724
717
674
561
774
671
578
758
259
395
613
700
639
626
568
667
624
631
606
252
255
503
364
663
675
657
649
630
631
630
621
621
629
619
625
627
625
325
305
651
678
716
685
783
717
695
686
680
692
721
705
377
311
672
670
363
312
679
666
673
670
676
690
691
492
905
698
695
690
696
363
333
696
710
720
731
715
695
694
264
434
711
691
255
432
684
693
706
689
686
612
789
706
709
690
255
433
468
940
569
851
694
703
716
729
690
688
695
697
715
712
690
715
721
628
824
702
720
728
736
342
398
617
794
711
709
710
681
668
656
644
641
642
650
599
720
680
700
721
724
729
729
726
714
642
795
677
670
660
641
617
626
642
251
430
727
755
613
872
717
727
745
760
746
703
705
705
695
691
716
736
764
774
764
332
385
729
741
735
696
708
725
730
697
704
706
715
701
712
729
746
704
715
721
745
737
725
740
408
351
671
734
686
253
441
697
728
733
691
695
704
718
739
259
468
699
706
721
452
297
811
840
797
781
526
260
251
539
763
723
735
262
489
765
780
771
757
763
773
796
816
771
759
379
376
761
725
742
781
665
930
588
822
698
697
680
624
716
680
654
654
676
688
692
670
667
677
686
677
655
666
674
688
697
700
681
681
691
709
680
732
693
706
696
709
518
842
665
682
708
254
463
715
721
747
262
510
763
731
740
748
759
784
785
771
737
257
478
739
769
786
757
804
720
734
261
491
523
267
810
267
491
691
820
255
511
258
514
663
751
254
455
729
781
798
266
480
754
779
772
807
784
739
747
772
435
348
777
745
756
780
645
938
717
711
729
749
795
737
730
743
751
756
716
699
713
731
745
649
775
746
769
766
753
708
539
917
771
809
754
685
805
261
519
785
742
728
750
773
811
789
766
785
775
725
724
518
898
700
730
761
810
839
839
778
726
716
729
747
770
750
709
725
736
732
257
486
728
688
689
639
758
250
438
684
706
684
784
708
695
710
255
459
442
277
719
681
695
649
761
256
445
688
696
709
484
950
699
368
352
727
688
663
656
658
673
668
674
681
695
440
260
252
414
686
688
673
697
381
334
725
732
713
733
758
750
746
583
839
745
443
338
762
253
458
722
726
731
740
718
696
712
719
529
956
770
745
782
264
544
816
748
719
711
694
674
669
660
649
634
645
635
629
630
620
624
622
628
592
512
927
740
713
252
478
747
780
774
673
750
258
454
725
765
729
732
760
377
427
828
780
747
264
489
515
896
677
675
677
656
468
890
721
757
763
725
749
758
754
764
725
502
923
746
763
261
486
735
255
498
759
762
762
711
437
276
728
739
755
740
722
746
362
387
741
714
698
716
728
713
703
719
729
715
531
932
764
723
623
797
725
726
700
689
413
282
711
516
894
704
720
732
720
705
676
675
691
721
254
486
706
690
692
699
716
710
252
427
256
422
689
687
693
668
666
678
687
673
654
657
649
259
393
646
634
362
265
634
640
646
627
629
630
640
356
288
641
663
423
267
729
740
708
683
684
676
676
662
664
687
727
780
839
805
787
908
254
546
760
766
765
785
251
507
785
743
510
980
253
472
755
574
1025
253
488
260
483
755
266
498
745
724
744
759
782
320
422
714
733
755
768
659
810
716
729
733
705
356
356
743
252
518
797
751
635
930
801
747
729
737
735
263
422
673
259
263
844
707
729
258
499
724
713
671
781
710
709
721
721
694
616
835
782
799
777
716
729
424
303
730
732
251
456
562
953
880
922
268
635
382
469
827
831
870
871
799
786
789
812
855
789
767
762
765
259
487
741
783
254
566
860
866
868
827
756
735
720
739
260
460
730
333
425
783
802
521
968
746
695
661
656
650
657
693
724
706
701
727
735
753
267
467
694
651
773
748
752
257
448
703
366
364
753
795
828
835
477
290
744
482
265
733
634
819
718
713
838
797
751
740
774
763
754
715
727
746
767
722
746
761
787
741
739
763
785
729
679
790
756
741
729
517
1021
739
262
437
696
677
653
622
635
657
719
789
750
790
846
875
856
775
252
514
771
802
838
769
771
788
819
830
833
778
705
824
756
449
289
701
727
749
778
795
735
757
776
267
515
766
721
715
759
790
847
468
387
781
765
746
348
389
633
794
757
254
540
778
727
748
753
733
815
716
492
895
791
734
708
727
742
741
712
253
252
968
731
699
725
746
775
720
707
725
753
768
719
739
328
439
798
779
715
722
593
881
727
709
729
759
786
750
742
776
803
438
391
809
746
748
756
602
946
729
761
263
338
1024
807
715
263
448
710
715
684
691
715
704
672
672
255
433
671
681
706
252
469
716
615
787
728
729
703
729
374
386
620
900
731
761
652
985
760
766
777
758
813
810
840
842
747
845
813
813
747
737
770
813
764
262
490
802
847
871
859
793
779
781
262
536
366
407
731
746
363
408
801
771
265
467
754
592
1017
773
789
804
670
892
712
722
771
782
676
824
770
776
263
453
453
884
674
689
731
777
763
771
267
539
847
258
578
324
446
765
794
819
766
461
286
728
827
688
807
731
756
776
252
544
693
810
717
848
778
395
324
719
477
254
253
505
739
265
458
675
774
672
646
604
729
741
256
519
728
265
460
735
741
745
703
688
339
360
728
262
495
722
590
878
796
755
264
459
741
752
757
758
749
767
792
775
731
729
743
255
512
717
706
715
732
735
696
716
745
758
728
717
524
979
764
263
452
707
725
254
475
701
705
753
789
536
295
771
752
697
825
259
440
709
736
560
962
721
763
798
784
745
770
808
822
760
774
820
845
759
770
782
824
253
520
381
372
778
816
795
264
478
547
984
782
256
488
761
257
519
858
797
833
868
698
941
254
542
827
802
694
825
798
776
736
756
810
891
807
770
782
813
786
763
795
790
718
717
731
785
784
561
984
821
799
734
262
448
822
781
717
716
736
273
472
783
262
467
265
469
773
566
263
845
688
806
725
731
749
252
517
755
738
838
733
730
723
258
253
350
773
749
790
812
823
251
485
720
735
771
758
729
777
580
255
258
576
257
536
812
853
882
794
776
795
814
486
292
712
797
879
792
581
867
733
753
667
765
262
474
755
718
754
714
639
761
253
423
671
407
261
251
398
653
669
691
712
691
709
549
1025
859
783
770
612
893
724
721
771
818
840
768
746
761
794
255
507
723
733
753
772
724
734
747
758
748
706
661
783
744
264
461
743
774
269
537
778
771
767
712
696
701
673
662
644
263
374
645
665
250
470
772
266
524
790
789
771
706
687
698
604
811
701
670
678
706
480
978
745
754
671
739
701
713
719
726
704
697
698
700
683
674
688
687
689
676
681
685
695
669
276
403
689
706
687
687
707
725
726
708
262
423
694
696
720
695
718
744
771
741
766
776
740
759
771
758
768
259
523
749
752
589
892
699
712
728
735
734
771
752
761
773
541
939
796
830
804
682
899
787
735
699
702
719
741
255
493
265
258
869
725
762
729
260
426
264
427
704
746
790
746
754
768
761
366
353
667
809
787
767
669
822
762
809
770
817
849
887
904
813
668
870
797
797
762
730
755
813
776
824
759
766
468
313
691
766
255
480
527
978
728
726
263
480
756
773
713
709
726
691
799
712
742
264
512
821
757
453
277
735
733
265
434
253
439
722
743
721
693
726
738
750
701
691
701
266
440
693
688
710
729
729
696
708
672
795
726
702
711
728
381
364
717
696
712
728
746
702
693
722
745
255
497
526
893
736
725
699
713
720
713
683
688
692
706
711
677
693
710
715
682
689
714
729
700
688
526
902
724
698
693
686
347
317
666
676
682
652
643
415
886
631
740
265
434
677
419
269
704
706
711
735
739
725
729
748
481
277
705
669
353
291
656
683
709
700
768
847
880
824
813
814
807
756
734
767
803
776
792
848
858
788
746
763
786
790
730
522
980
825
838
774
632
966
793
262
521
807
254
448
1008
780
798
819
646
980
802
752
705
706
717
742
731
735
717
514
293
715
724
726
710
700
707
709
713
688
703
725
722
714
729
723
252
438
463
916
430
275
399
317
703
687
702
709
725
722
686
712
735
752
748
730
714
488
255
251
506
775
798
798
749
777
806
807
675
368
533
725
255
481
763
810
794
686
814
732
710
699
694
726
691
509
295
724
752
775
817
851
801
775
794
832
850
805
829
720
1038
860
855
870
423
433
580
333
624
786
268
511
515
413
819
848
833
742
396
318
700
666
659
673
699
334
444
734
741
785
802
544
970
772
792
612
898
851
834
886
905
580
251
258
595
842
817
268
520
498
311
828
830
777
807
499
366
883
265
597
780
258
521
382
403
492
331
768
256
496
785
520
261
252
491
709
729
257
534
820
929
878
877
852
258
256
263
786
805
800
740
751
804
874
862
785
781
797
779
258
262
255
729
268
466
543
443
516
726
742
263
454
894
771
253
522
813
822
762
768
251
554
578
260
742
834
822
257
597
795
762
789
827
797
747
777
761
351
421
729
755
780
803
562
926
595
969
813
752
782
789
802
759
765
792
257
557
765
805
827
825
266
504
806
808
721
697
695
264
448
729
717
751
793
254
563
258
522
678
602
933
752
701
679
688
701
499
251
259
518
731
259
501
783
749
942
772
783
816
736
867
761
783
787
773
758
667
780
767
256
533
367
387
829
873
450
450
831
827
814
807
786
736
312
438
769
804
791
754
496
320
878
913
863
819
257
611
848
772
756
772
748
725
760
774
804
743
759
796
861
827
805
841
886
876
684
895
805
848
255
540
758
786
805
261
559
752
751
787
806
398
389
707
873
887
263
589
799
825
820
854
811
799
387
409
271
527
778
739
780
815
869
874
693
967
852
426
385
752
668
775
676
655
660
262
420
598
881
730
787
752
889
907
781
757
262
496
772
541
958
734
766
800
776
775
251
592
859
795
262
505
794
727
915
805
757
530
255
261
581
251
650
853
836
360
485
738
694
693
688
685
722
797
951
917
729
979
858
690
966
557
899
882
884
836
549
271
814
262
463
714
733
261
485
738
758
852
900
930
890
852
856
851
848
785
765
786
834
872
880
270
511
264
615
863
268
513
992
877
787
784
601
1018
780
728
748
760
788
751
746
790
824
810
264
480
754
776
813
881
840
803
797
820
794
756
786
810
777
737
761
796
833
832
798
749
740
754
745
266
431
478
887
699
731
735
730
267
531
852
825
810
816
822
758
744
759
759
425
310
704
719
746
850
723
1076
812
830
902
909
865
830
851
849
779
779
813
846
785
784
834
867
824
837
854
255
504
925
829
261
584
422
401
771
809
263
565
859
380
442
783
793
822
895
868
849
875
896
843
783
735
876
791
868
751
261
507
813
874
802
529
517
533
841
839
780
540
1009
834
692
806
256
449
892
758
759
803
856
795
785
803
861
787
832
808
858
877
678
961
704
682
679
667
355
315
690
683
690
683
661
332
327
634
637
625
635
636
354
254
613
595
257
331
604
253
362
645
342
355
660
782
723
632
760
703
725
736
740
266
479
539
958
748
773
795
262
546
787
689
502
367
636
818
724
716
268
450
681
669
685
710
265
436
682
666
666
254
416
491
874
659
261
394
649
657
553
723
627
624
633
629
642
655
697
688
693
729
751
770
252
505
861
776
748
716
677
262
422
722
762
810
858
869
259
651
344
521
841
809
774
709
259
415
605
734
268
406
673
679
264
405
660
636
631
629
583
507
940
782
808
839
851
845
479
276
688
673
686
709
729
785
954
1020
1010
576
405
612
357
657
291
711
500
446
791
808
262
591
866
270
526
806
723
266
483
261
505
919
916
804
384
404
737
694
706
734
260
527
821
837
749
702
261
448
746
803
257
528
732
741
251
506
772
761
664
863
854
876
832
621
508
337
743
761
731
724
696
943
928
863
264
548
810
754
719
730
761
789
729
695
711
754
254
558
873
826
780
819
848
256
615
268
583
877
893
812
823
710
855
868
810
816
918
268
674
1061
290
655
355
337
903
266
878
645
1005
778
839
929
946
870
255
629
811
842
726
732
752
253
538
741
752
809
859
841
254
483
729
734
696
694
718
758
745
927
805
840
849
629
1054
472
261
749
506
456
551
341
558
313
589
250
878
916
648
1007
749
754
817
273
635
265
575
854
378
496
864
875
795
746
761
812
854
851
782
262
552
803
886
766
785
261
517
777
803
261
489
767
262
543
887
548
312
255
501
896
880
745
1024
478
300
735
482
270
778
798
550
954
774
825
604
520
495
776
743
887
623
838
667
651
668
720
506
385
849
903
897
822
822
265
572
841
395
450
850
846
844
832
845
735
855
664
847
785
813
773
788
791
268
537
473
266
749
773
745
835
729
459
267
734
744
264
468
696
359
354
258
420
797
718
760
255
470
539
1037
865
807
772
567
1006
795
747
711
720
741
804
779
264
679
846
909
987
820
810
788
738
815
691
820
797
386
412
726
701
715
745
251
502
946
799
267
521
845
672
1179
831
764
256
512
510
260
768
706
703
680
652
265
378
665
701
780
783
727
759
257
536
797
826
361
472
531
896
903
860
829
557
1019
851
661
1018
501
313
796
689
795
770
689
923
838
261
507
761
257
521
836
777
736
770
787
786
690
845
820
820
674
820
808
854
663
901
848
258
572
867
869
634
973
795
256
528
720
260
464
747
316
488
763
261
520
823
897
835
255
586
855
806
807
713
820
698
781
746
779
812
759
754
434
334
786
680
781
753
263
451
450
297
266
447
739
762
738
354
365
750
756
749
723
258
450
853
495
313
740
751
770
771
257
465
741
757
757
707
690
712
570
257
740
266
573
784
747
789
824
824
504
982
749
775
826
259
448
799
731
873
736
722
736
355
412
788
704
707
537
852
680
263
395
646
629
586
687