726
748
779
776
747
729
698
682
675
672
684
706
750
764
757
767
773
729
713
702
696
686
679
701
744
772
764
747
771
879
850
796
736
709
691
694
741
748
817
889
876
813
781
761
751
750
756
771
807
788
770
762
760
762
741
730
734
729
724
749
769
782
777
767
771
753
739
749
752
747
735
752
771
761
757
771
784
776
768
779
812
775
764
756
756
754
758
801
858
823
779
744
730
732
740
752
755
775
785
778
777
773
759
747
747
756
771
743
717
765
822
810
815
769
759
782
805
818
807
810
844
882
800
765
738
723
710
698
675
655
655
696
830
894
854
792
751
755
745
748
766
762
746
750
770
799
797
770
752
765
795
803
778
768
764
768
783
795
781
755
733
731
731
733
765
781
764
754
738
723
718
710
706
711
707
720
743
776
783
762
732
734
741
735
729
711
706
716
726
730
736
750
790
828
785
744
729
712
701
695
701
704
712
753
821
848
844
804
789
754
736
721
729
758
807
825
843
844
835
787
760
769
753
742
765
799
820
828
825
790
776
750
773
753
741
748
768
774
763
756
784
799
792
780
765
753
761
762
777
811
914
922
848
788
761
738
727
717
719
721
737
740
800
929
879
826
805
800
771
734
717
688
663
642
635
645
660
687
742
834
856
808
797
777
757
735
715
693
688
687
704
729
834
894
950
856
814
809
789
811
768
772
789
807
819
811
835
771
734
698
718
785
768
738
707
691
680
685
682
679
696
732
797
792
749
743
726
712
695
688
686
674
674
669
677
689
700
708
708
713
723
729
722
709
693
698
720
747
765
771
760
768
782
759
732
725
716
728
727
716
722
729
744
762
787
775
748
737
739
738
725
734
744
765
798
761
738
706
702
707
735
765
824
819
807
780
752
739
749
755
756
793
829
791
742
709
713
719
781
767
761
735
722
716
718
737
743
733
747
761
730
719
772
846
846
808
775
738
710
690
691
715
786
815
836
835
810
793
766
743
727
711
705
712
728
765
764
755
727
728
742
775
785
797
780
753
700
661
649
630
615
618
608
603
602
592
587
582
568
560
551
542
536
526
521
516
511
503
499
490
490
496
503
538
609
762
766
743
723
692
663
628
610
590
585
610
604
603
587
570
565
557
550
544
535
538
548
537
564
583
621
666
672
668
647
613
590
580
568
555
547
539
535
534
530
527
528
524
519
518
514
512
507
506
511
520
544
589
604
614
645
649
625
605
584
561
543
537
527
523
520
522
516
521
516
512
508
507
504
500
498
500
497
488
482
488
490
499
524
642
648
665
644
606
585
570
555
540
530
516
506
503
496
489
485
482
477
478
474
479
482
501
532
556
572
564
585
574
288
272
542
539
529
520
513
502
492
486
489
478
477
473
468
468
462
469
468
327
676
633
723
677
684
626
581
570
554
539
529
520
508
503
493
492
486
483
482
461
485
502
549
582
574
572
569
612
604
579
584
575
556
536
536
531
511
513
505
498
499
495
491
487
503
502
519
550
586
604
599
589
569
551
544
538
530
523
516
517
514
515
505
505
502
516
544
553
568
557
566
555
548
532
533
529
517
519
513
504
522
543
579
618
614
593
586
571
563
546
546
547
540
547
568
574
559
566
563
544
534
521
526
525
520
522
523
527
526
537
541
529
534
536
547
541
541
536
533
528
526
520
522
512
509
516
521
521
515
546
562
741
729
753
713
683
639
608
578
568
555
541
556
655
667
705
677
631
624
631
621
582
579
568
565
563
556
559
557
551
565
558
570
563
567
562
540
531
535
531
528
528
521
538
545
556
561
572
575
574
586
570
560
563
549
539
541
539
540
533
537
541
560
592
594
648
648
638
619
588
575
557
548
542
547
548
558
559
582
590
625
625
622
655
632
609
607
580
573
554
552
549
542
541
541
542
556
564
571
592
619
644
655
611
614
610
580
577
564
550
544
534
537
542
553
563
579
617
629
613
715
683
631
587
561
541
540
528
530
519
524
529
536
553
576
659
683
685
673
620
619
597
579
564
553
542
538
525
524
517
521
524
526
539
558
565
573
565
588
578
572
565
545
546
535
529
520
516
509
498
498
489
492
492
507
515
560
606
639
630
623
652
629
596
600
587
570
563
558
574
626
592
677
704
649
623
644
601
559
538
525
526
524
528
526
541
545
538
552
567
568
556
549
539
530
515
513
507
505
505
511
515
534
545
587
589
613
606
587
595
583
563
548
548
539
529
521
519
510
511
507
532
551
577
609
674
629
674
646
618
584
568
563
558
542
537
532
529
526
521
533
529
529
535
539
541
536
563
573
568
563
548
553
545
534
530
521
515
504
502
503
521
526
547
578
594
607
597
585
563
545
550
568
563
563
560
546
544
532
532
530
538
536
542
547
545
557
555
563
563
556
562
556
560
559
541
542
540
532
532
537
540
551
526
568
577
597
589
591
567
548
533
521
525
520
517
519
516
514
510
507
497
494
495
493
490
505
512
515
518
528
517
510
516
515
508
503
502
494
482
484
480
477
482
498
504
519
551
565
622
613
602
571
545
553
544
536
538
533
524
523
531
537
529
527
524
529
531
532
561
559
559
556
555
543
537
536
534
543
541
608
624
632
626
597
586
568
547
534
526
516
510
497
486
490
496
497
495
499
508
520
519
524
512
515
506
495
490
485
487
484
481
479
478
478
483
479
492
503
513
539
586
593
606
577
566
553
538
524
509
509
507
491
499
494
507
502
510
527
559
573
567
556
554
551
541
530
518
508
505
495
492
489
485
481
477
476
482
492
504
539
554
574
556
560
556
563
557
548
531
521
517
513
500
486
489
487
479
477
471
471
467
461
462
481
483
485
488
505
510
504
494
493
498
485
477
471
462
462
454
449
447
449
443
442
453
451
456
456
467
465
452
462
460
456
453
452
448
446
444
441
446
455
460
458
456
457
456
456
453
457
458
461
459
458
458
449
456
449
446
443
445
441
438
439
439
440
436
436
432
438
444
438
444
441
444
440
443
439
437
442
438
437
439
436
429
436
429
428
431
429
427
425
429
424
429
427
427
429
429
428
427
435
432
436
438
438
442
434
432
434
433
434
434
435
438
434
430
429
430
430
428
425
428
424
422
422
426
423
418
422
426
423
419
429
427
422
429
430
427
427
429
434
432
432
433
434
425
429
428
424
420
420
419
413
412
407
411
411
408
413
412
396
413
415
409
409
410
414
411
408
411
405
400
408
403
407
413
406
406
402
404
409
406
408
398
396
405
405
402
398
398
405
406
396
399
402
396
402
400
398
396
399
402
400
393
396
393
399
396
392
398
396
398
394
397
392
395
398
401
407
403
400
405
404
405
396
397
404
405
399
396
401
404
399
397
394
402
405
399
405
412
407
413
419
413
407
413
415
413
400
405
406
407
406
396
396
400
394
395
395
400
394
392
397
401
397
396
402
404
405
405
398
400
401
406
403
397
400
405
400
401
410
406
405
402
401
407
402
398
401
402
401
399
404
405
400
411
406
403
412
412
406
405
410
407
411
415
406
414
415
414
414
419
423
418
423
414
418
415
412
413
415
411
404
408
413
421
420
412
420
418
418
416
409
413
414
418
412
414
413
419
419
418
413
417
426
424
431
432
424
430
433
429
418
422
426
431
436
439
429
436
433
429
428
431
442
442
439
438
449
439
453
453
456
454
458
451
449
442
447
449
440
440
443
467
459
458
464
469
465
467
459
457
449
450
444
438
441
441
436
446
443
441
449
445
443
448
446
447
472
472
482
479
478
464
462
460
454
452
452
447
447
448
457
460
467
454
457
454
449
450
450
441
443
447
447
447
448
444
441
447
450
445
446
460
455
452
453
455
459
456
448
439
438
436
433
435
440
445
448
439
442
459
459
451
456
467
470
470
459
462
453
447
453
439
440
438
446
441
444
443
441
438
429
432
433
433
430
431
421
423
425
426
424
427
435
440
449
458
469
477
472
463
457
476
466
462
460
447
442
449
442
444
440
438
438
440
438
439
438
438
438
435
446
450
458
473
481
478
478
481
475
472
476
478
474
469
460
460
454
447
453
448
445
450
459
457
470
496
509
509
518
525
523
519
511
505
482
482
478
470
473
474
477
489
493
498
492
489
479
483
478
478
475
475
467
466
472
491
487
489
493
504
494
499
496
500
495
485
476
485
469
471
471
471
469
472
475
475
476
474
474
469
468
465
474
486
501
498
495
496
537
592
586
564
540
531
512
506
494
484
481
489
477
495
503
504
503
504
490
488
490
500
488
490
484
488
479
484
478
477
476
476
472
469
469
467
471
462
465
466
466
463
460
462
462
459
457
457
455
453
449
442
446
443
438
442
441
442
443
440
440
441
439
438
438
436
435
435
439
441
445
448
457
466
468
465
468
463
457
452
455
447
444
442
440
437
433
435
430
427
425
424
423
430
433
440
438
435
437
438
439
442
439
439
435
433
430
427
423
420
419
417
420
427
436
479
587
689
749
657
620
570
558
539
514
512
514
501
495
492
478
467
466
465
468
469
462
461
459
454
457
460
467
462
460
465
458
453
457
454
449
448
445
448
439
442
438
434
435
436
440
439
445
455
457
459
458
462
463
460
461
465
462
455
448
452
454
457
453
453
464
478
490
495
523
561
576
583
601
634
680
637
618
631
635
629
644
648
638
622
599
587
583
577
581
592
599
596
604
644
643
654
650
621
606
603
591
598
610
625
626
630
644
640
625
651
647
662
693
659
679
673
659
641
615
606
611
632
641
640
617
621
625
625
617
625
633
634
613
616
612
603
598
582
564
561
550
563
553
545
522
531
522
506
497
486
490
481
480
477
479
494
542
584
579
578
562
547
535
533
516
510
512
511
512
507
513
521
519
517
520
510
520
513
510
500
495
492
491
486
488
485
483
480
483
518
568
691
725
660
626
603
570
555
549
547
532
519
517
513
513
511
521
539
563
580
584
596
637
640
620
618
614
604
595
597
604
598
591
577
572
566
566
569
567
571
592
634
684
690
671
655
647
642
627
610
597
596
606
624
619
610
610
631
658
646
653
651
636
624
623
629
623
619
630
656
672
665
646
627
623
630
651
640
630
633
650
659
661
645
635
640
636
640
630
618
606
603
604
615
624
635
662
676
674
667
656
643
617
603
594
604
634
656
660
673
699
706
695
682
692
684
674
653
649
645
656
647
649
648
676
680
663
670
656
631
616
613
615
617
640
694
779
805
760
723
688
662
644
639
666
700
719
702
701
669
687
711
713
719
728
713
712
703
678
665
657
636
636
649
655
648
659
662
664
662
648
649
648
649
636
645
654
646
650
644
646
644
653
658
662
678
683
680
687
671
656
643
631
623
613
604
601
600
622
696
711
713
695
680
657
634
616
603
591
597
611
640
635
665
781
805
799
738
701
680
670
669
664
663
656
656
657
663
681
679
678
686
702
704
709
685
677
664
658
655
656
663
646
652
650
666
680
686
690
709
711
709
684
673
669
669
681
699
703
721
738
759
734
730
726
718
693
671
661
664
661
650
640
653
751
757
738
726
697
686
678
673
671
678
689
689
698
698
693
683
682
687
689
688
678
674
665
668
667
666
660
663
668
676
688
706
715
714
694
686
681
680
679
673
660
641
621
614
594
579
569
551
543
537
527
530
522
518
514
508
511
513
517
517
521
521
531
543
552
548
564
585
579
502
593
557
550
558
568
566
591
584
590
600
605
578
578
572
567
570
573
579
571
580
580
595
624
683
720
754
761
719
699
658
632
630
610
635
657
690
731
734
740
766
760
717
699
665
643
637
647
662
691
846
876
828
759
723
705
697
696
696
685
687
689
726
724
724
735
759
749
713
691
664
646
650
663
680
707
729
743
744
752
755
724
703
687
677
668
678
713
735
729
727
757
764
739
711
688
664
654
646
647
657
715
772
773
813
804
738
701
665
654
654
650
658
1139
960
769
707
684
680
683
668
654
670
696
706
728
740
707
678
659
668
645
635
618
604
598
600
601
607
615
631
638
631
632
629
637
637
639
648
654
667
665
650
655
653
645
642
645
639
641
647
677
692
700
756
748
706
699
687
663
653
636
639
646
651
672
689
678
664
667
657
650
649
649
664
668
683
708
694
696
704
690
668
652
648
647
645
649
665
671
671
687
706
727
700
696
717
681
664
660
662
683
687
694
692
680
685
705
704
709
692
677
667
657
669
672
674
672
671
671
666
663
671
709
735
742
749
739
718
718
691
674
670
687
716
715
723
732
734
727
706
703
696
678
663
659
660
672
670
675
691
718
729
745
726
720
704
685
663
651
643
638
635
637
657
715
782
823
802
772
738
705
677
666
662
673
695
688
686
689
705
720
705
690
681
678
672
671
665
673
670
669
674
688
681
666
679
700
718
711
700
700
690
699
698
698
708
689
679
679
698
728
740
733
688
662
677
748
771
779
759
722
705
686
686
689
691
710
760
794
787
755
712
684
676
667
670
691
691
702
720
744
740
730
725
711
696
677
668
663
691
688
689
708
734
726
713
721
721
696
684
676
670
664
661
667
681
695
693
705
712
715
692
678
687
681
691
691
691
721
729
717
697
685
675
665
655
657
654
659
667
670
686
690
686
670
666
664
652
651
649
658
664
677
694
695
700
696
690
688
689
681
677
676
705
718
724
706
704
708
711
699
686
685
688
688
679
692
707
729
731
723
724
723
704
692
684
673
659
661
679
711
713
739
771
786
755
735
715
693
681
677
668
658
657
670
686
684
682
688
695
697
687
684
675
666
654
654
647
650
653
657
671
686
689
682
686
694
688
676
679
690
698
690
696
689
699
701
701
703
717
711
685
684
681
690
688
688
706
728
741
734
723
726
716
697
671
659
666
676
688
679
665
669
677
690
688
687
685
690
685
686
677
677
684
689
673
658
646
641
657
672
680
701
707
749
823
834
805
764
724
698
686
685
688
684
677
672
685
720
746
743
720
714
724
756
728
709
702
688
682
675
658
661
671
688
703
700
693
694
691
704
714
696
685
676
674
675
676
668
671
678
688
682
684
689
695
694
695
704
706
695
689
687
691
682
682
693
720
722
728
746
750
714
703
711
697
697
694
692
712
727
721
698
692
698
700
693
681
680
679
685
679
669
674
680
679
677
692
718
726
700
694
697
699
690
683
683
685
684
688
677
669
677
677
696
688
683
703
710
725
703
687
679
685
699
705
695
701
715
731
730
710
708
698
688
676
673
677
704
720
728
747
784
776
744
709
707
704
715
705
684
687
706
754
786
784
773
767
758
724
712
693
684
671
689
681
706
822
938
916
841
771
719
684
662
636
614
631
749
756
723
672
659
657
655
636
622
617
631
693
761
768
716
701
673
647
629
613
605
597
598
600
607
623
652
699
730
732
724
736
745
719
695
684
665
660
655
651
647
643
647
654
671
681
673
677
681
683
670
655
644
637
638
641
641
656
694
728
736
728
729
707
695
678
666
668
677
683
692
714
742
743
743
731
716
698
686
678
677
680
674
665
664
685
700
706
718
727
719
709
702
716
727
719
726
733
730
717
717
705
699
681
681
695
700
701
695
666
658
662
670
659
652
649
661
654
663
663
679
681
690
713
724
715
700
690
680
678
675
675
671
672
707
725
728
733
731
733
705
695
690
685
686
695
700
701
699
697
704
707
703
705
720
734
719
715
709
717
703
702
704
711
712
699
693
692
689
681
678
695
747
771
760
751
773
759
735
727
719
728
729
722
724
752
765
731
731
734
731
734
717
721
724
738
715
719
716
698
688
678
693
711
718
707
707
729
735
727
711
702
697
692
687
684
689
703
713
696
702
713
722
719
713
709
718
722
724
719
758
787
783
761
742
739
724
704
704
707
710
705
728
788
782
739
724
729
726
708
695
719
744
750
756
744
739
748
723
699
688
689
697
688
668
677
785
727
696
662
645
635
620
612
606
601
604
604
619
630
644
652
680
719
727
725
708
703
698
699
700
688
682
710
749
763
740
736
732
727
716
684
669
667
673
684
685
701
712
756
733
711
713
711
682
668
662
670
681
677
692
729
741
697
677
691
723
744
742
727
736
745
767
755
744
746
755
731
716
721
719
714
723
749
740
729
715
713
715
725
697
693
696
704
702
707
727
728
722
719
721
718
708
707
703
701
688
662
644
627
624
610
609
623
689
736
722
785
759
716
692
678
658
644
636
632
637
666
712
725
781
852
875
806
763
727
710
697
677
677
677
694
752
751
760
782
764
733
706
699
701
703
700
705
736
771
747
722
735
736
722
708
722
729
728
719
721
723
707
703
711
725
738
722
716
738
769
752
730
719
718
727
703
683
666
666
666
699
695
714
808
807
759
747
725
707
691
676
670
679
697
721
755
818
880
830
800
776
763
755
736
736
760
799
822
865
868
799
763
733
730
711
713
739
771
778
768
787
797
764
761
732
700
683
668
677
703
735
749
821
878
821
783
764
744
732
703
701
700
710
729
772
848
849
798
793
774
732
702
699
705
704
700
716
740
725
718
702
703
712
689
670
648
632
628
632
640
655
673
665
666
673
674
674
664
661
668
686
689
695
709
734
738
755
787
804
770
734
717
704
684
684
709
770
785
781
801
811
782
752
740
746
724
701
704
703
715
715
738
779
772
756
756
739
717
692
686
689
726
734
757
793
809
781
760
760
763
741
724
729
745
741
771
805
872
809
768
754
721
689
684
700
747
782
778
805
823
798
753
734
710
697
681
678
681
710
728
722
739
776
774
749
717
697
701
715
733
742
778
857
836
798
790
762
738
727
722
742
768
772
789
810
779
758
747
747
734
727
734
756
792
756
758
768
761
739
716
696
703
680
662
656
731
810
788
709
672
666
686
682
688
697
717
711
693
683
664
656
646
632
637
660
738
821
875
901
855
869
812
735
697
699
706
743
800
744
719
676
647
634
617
612
612
611
609
615
627
667
705
703
702
719
719
741
724
699
697
695
694
678
672
669
691
737
756
756
726
734
739
742
715
693
690
681
686
681
678
686
700
712
728
747
737
729
738
740
730
709
705
707
713
708
713
722
750
752
741
758
764
736
719
715
710
707
693
689
693
698
712
739
792
788
756
760
744
728
722
724
726
708
713
716
722
704
696
698
727
713
695
702
713
751
738
744
737
748
722
733
731
720
708
708
725
759
739
739
750
749
727
715
712
715
700
700
705
716
694
693
701
719
714
703
698
713
699
687
682
682
675
665
677
687
702
690
680
687
709
708
704
706
714
692
663
652
633
618
609
600
591
592
595
611
643
683
713
700
694
698
690
683
675
676
680
696
700
709
742
779
755
712
709
702
722
692
682
693
730
716
726
740
743
725
713
713
724
709
700
700
718
702
692
700
705
715
711
717
727
765
729
733
751
752
729
740
754
751
735
771
730
715
743
855
766
721
688
664
652
648
664
688
708
713
713
742
756
745
739
733
710
688
685
696
690
682
678
694
727
735
739
730
727
693
668
653
645
639
630
618
605
597
586
579
580
587
594
596
604
605
596
598
597
611
627
642
664
694
729
751
760
748
719
688
687
692
713
723
737
763
793
811
783
761
738
736
697
694
699
679
670
690
688
738
808
844
759
701
682
666
699
691
703
734
720
688
668
659
658
687
735
714
704
705
714
722
716
718
712
696
683
673
684
717
775
730
690
658
640
632
628
623
618
614
614
620
619
614
616
621
629
636
636
640
644
652
657
663
664
673
687
727
887
902
859
866
843
778
728
706
711
731
777
824
885
894
854
810
775
749
735
725
702
688
700
728
740
729
721
718
708
714
711
729
758
746
742
737
745
727
688
665
654
638
636
644
637
629
632
668
717
734
758
764
753
728
719
718
735
739
731
728
747
776
766
761
775
793
761
743
734
721
704
706
740
765
752
746
771
783
773
761
771
778
751
746
735
729
729
729
744
785
804
787
782
779
750
731
725
731
748
755
803
833
813
800
791
771
742
713
723
756
790
813
878
900
840
814
805
828
757
726
706
709
708
764
858
884
858
873
885
824
776
764
773
765
757
769
899
901
841
790
729
707
676
655
639
625
623
615
607
606
624
672
691
725
761
734
706
688
671
665
665
663
657
663
687
724
731
737
768
812
782
744
734
714
693
683
726
831
977
940
929
846
775
750
734
729
718
730
808
1105
917
861
827
779
729
692
665
655
647
667
680
700
713
780
1013
951
876
821
765
720
694
702
723
787
803
877
998
948
845
814
787
771
748
742
766
802
794
833
853
822
783
775
757
735
752
778
834
832
788
774
736
720
713
746
805
806
825
806
826
796
767
751
737
722
703
694
711
745
797
796
851
957
875
813
799
783
810
791
797
809
832
796
815
912
1069
1023
989
1012
978
852
791
816
982
960
1014
1077
1021
969
995
1010
897
867
844
831
803
896
1198
1006
886
811
762
729
729
758
809
872
861
986
914
841
835
802
810
764
772
818
840
799
799
821
824
793
794
770
748
731
738
739
746
735
801
837
805
804
792
805
789
762
771
773
753
746
774
804
831
776
788
781
764
746
733
731
748
721
697
714
780
838
801
740
687
666
655
643
631
621
619
620
629
631
631
635
624
620
629
645
643
650
653
662
669
673
688
707
706
706
705
705
693
674
668
713
812
841
835
853
829
783
745
732
735
727
715
721
745
758
771
790
785
761
751
747
749
764
768
798
773
743
732
764
768
769
798
823
797
774
765
746
713
678
653
657
697
785
810
805
806
799
796
763
714
691
680
688
723
745
760
824
873
841
794
749
708
688
675
672
708
834
948
888
805
727
693
673
691
704
688
664
646
637
646
688
735
750
774
813
801
763
726
714
704
695
688
706
755
802
787
803
816
825
795
773
755
749
745
739
768
824
785
773
791
816
797
771
765
767
762
760
787
828
804
794
805
785
747
701
677
661
657
642
629
617
616
622
633
646
652
651
648
653
641
628
616
604
598
599
612
637
670
704
707
733
764
813
805
794
798
784
753
739
758
818
876
888
947
986
915
838
810
793
785
778
768
813
938
1051
1033
916
805
764
734
745
742
771
883
1079
971
881
854
784
726
687
721
713
709
705
683
743
889
856
881
835
811
776
746
722
709
711
729
762
767
793
819
833
805
785
775
795
794
779
791
798
837
839
866
866
825
776
768
747
743
740
774
887
904
870
854
828
776
758
757
769
750
769
809
839
848
840
820
782
766
751
755
742
769
794
799
786
795
815
800
786
779
787
772
788
827
829
806
839
865
831
831
789
748
733
725
761
813
910
1014
938
885
845
800
762
745
755
769
784
827
872
795
758
725
728
732
748
882
808
785
721
695
686
680
683
693
691
706
697
671
647
633
621
614
611
603
598
616
664
715
870
887
825
756
722
690
682
676
693
769
1006
902
926
922
814
755
727
736
766
773
759
778
801
843
811
800
794
820
798
769
763
772
785
786
790
807
888
827
795
784
783
768
761
771
820
833
839
836
877
888
820
756
720
723
757
832
872
915
930
850
813
746
699
683
673
714
815
877
1000
984
867
820
792
768
742
728
725
732
728
729
752
762
752
742
743
735
730
714
713
717
687
667
654
648
676
718
750
734
722
690
664
650
633
617
604
589
579
574
573
580
602
675
738
787
813
854
823
771
731
694
670
662
658
682
736
910
883
869
817
754
717
678
646
646
679
710
772
848
870
872
817
813
804
799
783
769
757
784
953
1010
911
855
832
850
802
798
802
855
854
828
873
880
823
829
888
888
849
819
826
820
790
811
852
861
804
760
734
728
733
712
708
702
693
733
759
796
836
828
799
767
762
759
741
730
771
880
963
922
950
917
833
794
770
754
750
799
855
831
812
813
788
762
744
732
725
715
706
695
692
704
719
716
688
680
747
979
859
807
754
708
694
678
692
736
838
922
977
950
912
874
813
765
725
691
674
670
674
707
760
864
989
936
875
834
801
758
736
724
741
763
764
799
847
835
820
839
801
760
718
695
692
736
784
828
899
869
823
808
787
767
730
699
675
645
630
632
661
698
856
1010
894
829
784
731
692
679
674
689
783
848
881
935
877
820
801
779
764
746
748
750
747
736
748
762
864
859
880
813
786
758
767
780
790
771
767
771
783
767
749
738
730
734
714
686
668
658
652
668
673
697
711
750
744
742
756
789
814
800
798
771
754
751
749
751
765
759
735
718
690
680
662
672
689
725
754
776
842
813
764
730
702
688
688
708
765
855
922
959
922
860
857
768
725
700
689
697
724
771
882
967
868
856
851
816
779
761
752
746
787
806
898
924
846
808
782
762
741
733
726
718
692
665
692
708
691
688
677
674
667
661
647
646
629
622
615
611
610
605
599
596
598
619
654
685
708
737
777
802
792
753
737
730
713
707
713
750
769
766
742
704
694
680
683
741
723
687
669
655
646
633
627
638
664
687
710
706
713
732
725
704
691
696
726
771
818
827
870
861
806
762
743
732
756
755
785
862
910
831
827
795
756
738
735
743
788
805
847
859
830
826
823
799
772
760
729
721
729
739
745
759
771
810
813
835
843
800
788
774
741
716
705
706
729
738
803
884
856
813
794
776
758
752
748
763
769
772
761
775
783
815
817
791
759
748
732
723
724
737
721
714
751
805
794
760
729
694
682
694
689
685
688
685
691
693
688
691
703
718
709
706
702
693
694
694
708
753
760
770
779
779
776
760
764
777
782
763
771
768
769
759
767
792
813
825
857
875
852
807
803
791
782
792
787
796
807
810
854
852
795
744
718
701
702
706
725
746
827
882
863
828
847
852
818
783
767
768
767
741
722
691
670
658
648
661
685
732
710
710
770
841
850
826
829
796
775
768
752
750
765
829
912
898
866
854
837
791
777
787
812
802
826
866
872
831
800
791
793
808
774
768
796
840
829
796
793
798
800
779
775
820
829
802
785
784
810
824
801
825
825
815
802
799
788
785
747
721
709
687
705
746
716
691
676
663
652
644
643
638
633
625
615
604
593
583
579
587
604
631
668
701
746
765
795
814
807
772
751
742
737
768
801
821
858
885
821
809
808
787
767
735
724
706
715
729
750
803
840
827
800
777
748
724
727
756
811
846
839
909
898
821
809
791
769
752
769
794
795
796
807
805
783
768
763
754
733
727
711
699
679
663
660
710
816
807
782
772
754
740
734
727
710
700
679
675
649
638
645
675
721
773
761
747
728
690
709
747
776
765
771
757
735
726
713
694
686
686
705
736
754
760
787
799
813
792
804
792
768
768
771
790
788
803
820
808
777
777
775
780
780
774
766
749
753
746
740
743
760
791
780
785
798
823
788
761
744
745
741
750
766
769
734
710
700
695
719
764
817
860
827
824
804
764
728
697
685
684
699
727
803
931
874
857
850
792
764
739
736
743
759
813
881
858
848
832
789
743
713
714
726
756
758
765
807
870
919
859
800
763
725
710
721
762
809
835
819
798
782
765
760
771
790
794
795
808
799
778
729
705
688
700
742
723
755
877
882
813
757
727
697
682
661
646
634
623
612
601
597
608
629
642
655
710
769
846
829
802
774
769
747
735
730
762
779
816
895
904
885
807
740
709
693
681
662
654
642
632
652
717
758
797
823
794
763
767
771
777
748
722
708
719
724
721
729
765
846
846
811
819
825
840
799
745
705
689
680
674
692
719
746
793
860
854
808
801
781
765
751
732
731
735
747
753
746
748
761
784
797
813
828
812
780
762
761
766
753
751
795
831
839
823
834
823
809
794
772
771
765
772
820
837
813
807
824
809
774
761
774
812
825
802
777
749
729
721
758
786
824
907
878
836
823
816
782
766
739
733
748
758
789
1177
925
820
782
763
737
725
721
751
788
780
783
773
829
857
859
816
766
738
726
731
745
761
812
880
855
815
777
746
755
757
734
707
678
656
630
627
610
612
622
644
659
663
662
666
668
676
680
672
666
652
647
655
693
759
823
851
838
816
776
756
719
697
691
698
738
731
746
731
735
734
745
742
728
726
726
728
714
711
725
740
756
752
747
749
741
730
724
728
729
746
766
791
798
773
771
779
785
765
753
752
751
739
742
747
779
781
817
843
831
792
753
731
725
705
704
726
748
760