1043
1002
988
993
1016
966
961
964
1036
992
940
966
1076
1057
969
936
963
1052
1020
953
930
1023
1094
1016
961
1003
1071
1016
947
961
1040
1030
979
1015
1078
1048
991
1008
994
920
875
923
1066
1020
1031
1066
1035
989
1011
1039
1001
972
1019
1016
968
1008
1050
1008
998
1028
1005
949
967
1051
1033
949
919
957
969
919
904
946
959
921
813
723
1066
1004
994
1072
1054
992
975
1008
1019
977
1022
1103
1058
1001
1021
1047
965
949
1029
1064
1053
1115
1122
1074
1037
1070
1053
1003
1017
1015
948
909
909
1057
1003
1052
1051
973
982
1044
1019
964
938
970
936
930
1026
1035
979
992
1054
1008
978
1023
1001
923
906
997
1018
996
1040
1057
1001
977
994
978
942
967
1072
1033
988
1026
1067
1017
1009
1066
1076
1042
1040
1047
1014
900
791
712
1128
1048
1021
1040
1029
945
873
871
863
842
832
837
754
899
1120
1008
1000
1030
984
927
946
995
967
974
1010
1004
975
971
1006
993
950
1008
1027
971
962
951
843
784
1323
1032
763
672
643
624
620
625
628
620
654
810
831
876
929
929
932
951
968
952
941
983
978
942
941
978
990
956
965
983
1002
959
954
974
953
912
945
981
955
914
920
953
926
945
1000
980
932
926
938
937
919
979
1021
974
952
953
997
951
946
971
928
828
792
808
819
794
880
1130
1042
964
941
936
908
860
898
992
976
968
1008
958
897
845
887
950
1040
984
961
811
761
880
897
998
1051
1002
944
916
921
903
864
837
894
1081
1040
1056
1058
994
931
952
1019
974
951
945
922
858
818
802
780
769
1021
792
696
655
619
586
564
559
552
542
544
543
543
550
547
563
576
583
576
590
608
630
623
616
609
599
612
585
571
562
555
550
548
551
548
548
548
563
562
554
542
537
543
545
535
526
522
517
517
511
512
509
500
502
521
552
605
671
709
846
931
922
851
742
663
657
638
651
639
619
626
615
627
624
623
613
617
632
687
679
674
640
642
631
674
694
696
674
729
860
926
868
791
716
665
642
622
600
638
635
645
722
899
921
921
918
863
761
699
690
643
600
594
593
637
640
616
682
711
768
882
890
817
780
846
871
842
751
707
659
653
652
703
659
623
666
639
616
623
630
675
631
628
596
665
669
313
325
650
620
603
581
580
563
479
665
552
581
604
613
582
601
614
646
643
653
650
619
611
642
628
614
590
601
580
618
615
641
654
679
691
700
699
714
712
687
677
700
621
739
664
709
720
713
687
673
649
606
642
611
613
598
572
565
551
547
543
545
592
626
650
689
684
717
708
714
693
650
638
608
600
607
583
579
565
569
559
549
530
540
567
593
604
606
573
646
618
648
600
622
624
614
615
638
621
631
628
630
601
619
611
595
586
587
569
572
569
594
569
580
559
579
574
642
709
826
865
795
725
704
629
607
613
753
683
613
595
583
588
579
586
578
572
597
608
611
613
604
607
598
600
591
572
571
566
571
568
562
561
563
556
543
543
554
582
582
561
571
576
604
643
592
596
643
688
756
709
693
681
636
652
659
654
643
664
704
693
720
694
678
674
694
648
657
655
649
628
631
660
672
648
651
681
689
667
663
639
634
627
614
620
609
605
593
590
583
575
578
581
575
594
588
639
615
599
617
652
636
636
621
640
605
647
648
642
628
613
639
646
630
618
619
657
687
638
640
655
657
657
621
614
589
590
599
582
644
633
669
674
672
671
658
617
657
618
605
608
740
652
620
594
564
552
572
579
596
582
611
662
672
697
638
578
587
602
642
652
627
626
627
628
636
648
606
623
630
656
618
648
634
647
599
614
604
630
596
604
602
603
593
589
583
555
549
569
634
612
601
614
634
632
618
602
585
641
680
696
664
660
684
690
649
639
647
642
617
600
612
663
657
657
662
643
685
622
639
601
608
590
584
550
554
562
606
613
588
611
653
663
673
665
649
632
605
586
586
617
648
632
598
607
623
635
634
618
669
652
667
677
663
646
657
634
608
630
646
627
621
619
668
635
604
628
637
638
611
599
612
613
582
597
631
646
638
638
624
600
574
582
610
631
595
591
597
613
582
591
626
627
600
575
667
775
763
708
627
608
591
600
613
580
642
663
746
745
698
696
622
626
666
639
656
679
743
766
720
662
641
634
646
620
609
599
587
604
643
663
666
662
656
638
623
583
602
690
666
654
617
619
610
599
595
607
572
562
568
591
606
636
601
601
614
623
636
609
590
604
630
598
596
593
610
598
580
602
597
604
558
552
563
565
569
559
616
708
696
641
602
586
585
570
563
567
568
600
605
581
589
610
658
641
592
626
620
594
568
595
606
589
574
583
610
653
607
587
608
633
646
622
618
642
634
589
611
598
615
610
603
626
645
639
641
618
615
619
626
589
577
569
573
551
556
563
558
575
599
667
624
619
657
655
620
600
595
628
606
603
614
644
638
626
621
684
669
622
637
638
609
594
593
648
601
588
603
634
646
623
594
630
617
626
594
592
604
613
587
586
589
599
580
578
595
628
585
589
557
585
667
655
634
640
613
597
583
584
582
577
587
597
579
568
616
631
663
629
622
595
615
603
584
566
565
599
602
592
595
652
635
650
640
602
598
590
581
601
591
650
600
599
632
634
595
614
648
610
601
597
613
595
640
631
599
592
584
590
578
619
606
585
577
581
598
578
568
576
578
563
556
580
582
566
563
563
566
570
584
567
551
558
555
551
556
583
581
581
554
555
562
558
563
551
535
590
590
573
570
563
544
555
549
556
521
518
528
553
580
544
539
542
563
560
580
585
563
581
576
578
561
567
582
558
556
553
577
607
615
603
596
587
611
646
651
655
683
653
666
676
640
614
639
700
693
670
622
624
610
596
596
598
620
635
653
648
643
639
591
599
567
603
604
615
604
595
597
614
596
604
602
619
611
607
617
614
608
601
604
629
655
640
616
620
638
645
625
602
594
605
563
563
551
279
277
577
558
557
542
568
548
554
537
534
561
574
575
562
580
446
772
619
624
604
588
562
559
677
691
652
604
558
551
540
537
579
596
603
633
656
667
687
688
678
651
659
669
679
659
658
655
665
654
716
739
697
718
737
722
729
724
690
643
624
656
663
640
660
657
627
636
643
626
584
687
660
683
652
719
687
693
669