1022
1002
1016
1034
952
901
942
1028
1021
1079
1084
982
903
806
729
1202
1016
884
845
788
743
721
805
864
912
801
716
725
701
716
842
870
928
834
814
845
754
765
1016
914
837
773
788
972
896
920
886
940
1013
973
999
1033
928
895
854
790
707
1124
1017
990
1014
986
963
976
895
878
885
1033
1020
1014
993
899
898
1062
1027
1037
1034
1002
950
1007
1051
1001
991
1047
1023
1003
981
893
883
952
1027
981
994
989
951
869
840
998
1082
1001
979
972