778
774
822
715
726
771
698
701
684
686
682
672
678
674
649
662
689
693
670
660
686
655
656
710
763
735
679
676
643
635
605
616
624
644
675
684
665
672
699
717
734
668
668
783
919
748
640
624
598
588
613
669
778
946
939
937
973
964
858
773
776
775
870
830
834
1073
1004
903
854
847
757
683
1008
979
924
909
962
965
915
913
969
926
881
905
979
956
933
979
950
895
866
896
961
944
952
1007
969
922
928
983
932
896
903
972
914
858
928
1051
1029
945
891
924
843
787
744
796
724
776
948
1016
1022
1021
924
853
876
1005
991
951
973
960
907
894
1119
1063
907
792
813
1034
1013
868
771
1080
1045
943
936
961
974
958
971
1016
969
959
990
996
970
979
985
982
934
938
935
896
921
947
835
813
868
867
931
1040
985
896
817
807
941
1030
955
960
1021
977
926
916
1008
982
972
962
978
931
940
994
1003
934
857
775
719
781
1148
1039
974
995
965
889
820
853
1027
960
988
954
973
929
882
909
1017
1014
956
938
977
959
906
886
955
982
952
951
980
986
924
885
890
899
914
933
979
938
869
823
826
841
802
753
878
988
949
894
861
902
860
771
720
720
688
922
985
900
854
891
885
829
802
832
896
985
965
1006
1013
952
935
947
975
942
955
999
1008
979
1007
979
927
950
1025
978
937
960
984
940
949
1044
1043
986
994
993
943
930
1023
1090
1013
925
936
1021
866
830
849
831
946
1180
1093
1021
1036
1057
1006
1034
1053
1006
978
1001
1039
1005
982
1050
1015
994
1024
1006
961
984
1014
942
903
859
785
745
1161
1050
986
903
833
787
859
733
659
803
781
674
652
618
606
617
633
640
649
653
667
682
722
724
697
857
752
807
748
758
757
779
768
779
695
813
763
828
774
789
767
816
875
752
743
739
729
702
704
728
685
744
710
688
643
646
642
657
662
643
664
686
671
655
654
646
657
685
728
723
742
739
747
712
697
686
687
686
685
697
729
730
729
749
776
750
731
749
779
822
771
763
749
780
806
801
849
874
830
781
759
799
821
814
826
873
875
849
817
861
892
847
836
824
813
813
837
812
794
801
783
732
751
959
981
963
918
888
828
819
781
821
1011
1082
1049
993
992
969
920
876
861
898
945
914
891
885
917
982
997
1017
1017
965
889
822
830
814
840
933
1039
1032
965
940
955
909
893
851
827
828
822
832
829
831
845
837
858
834
830
853
834
791
736
785
722
702
823
882
902
972
1034
980
926
888
891
857
871
1022
1084
1027
1033
1037
1000
895
824
833
851
805
850
1031
1073
1038
1031
985
899
835
790
832
833
921
1055
1018
978
971
948
887
820
814
854
822
812
821
840
833
835
908
905
845
816
836
842
784
804
842
864
859
869
834
826
767
756
758
769
758
776
800
810
782
837
843
855
806
806
818
849
807
786
819
854
843
836
855
850
811
790
849
824
817
809
799
770
765
757
729
791
784
773
829
839
806
757
762
776
792
756
737
762
814
821
763
748
771
778
773
768
818
817
752
729
740
747
725
704
707
755
828
799
768
754
761
755
760
798
780
761
742
730
741
753
767
744
751
733
711
718
735
743
746
750
782
761
753
710
711
748
771
754
757
745
737
735
733
728
756
792
758
735
756
758
751
752
826
838
813
812
826
823
818
854
845
798
715
878
921
974
975
905
856
808
881
863
914
1032
1017
974
940
927
927
920
941
960
990
966
957
970
954
908
917
954
988
952
938
949
967
917
934
965
927
853
779
698
761
1126
1035
950
924
909
863
832
875
1026
1043
983
972
991
988
925
896
862
856
815
860
970
1003
889
867
969
1044
1025
1033
1052
1026
990
998
1011
972
967
1021
1059
1029
1024
1026
985
965
943
987
975
1002
1044
1043
976
919
874
853
816
877
968
995
897
860
862
830
805
824
842
845
788
798
823
865
813
824
825
839
780
825
846
931
975
993
1008
969
925
945
1006
1013
1021
1035
1013
946
954
1008
989
964
1000
1029
1009
942
940
915
930
944
979
987
972
993
956
886
797
802
895
934
954
1005
949
854
776
774
770
771
820
897
969
916
949
997
934
886
830
813
813
885
1045
1061
1018
1015
992
929
960
964
966
928
937
946
978
991
1013
1044
1008
988
996
982
909
860
823
826
803
833
972
852
923
983
1012
1022
990
920
945
991
995
945
953
967
937
880
894
947
1008
996
999
1000
974
941
966
995
979
955
988
999
975
925
899
943
975
945
882
934
1052
1045
962
968
1011
1030
970
985
1027
1018
1003
1005
1044
988
991
998
968
989
998
997
988
1000
1031
995
968
992
1020
933
869
844
866
1031
1093
1093
1028
1007
981
977
927
950
991
982
972
972
991
953
987
1016
991
966
981
998
917
879
829
857
865
923
1110
1070
982
988
1007
983
975
988
966
922
951
998
962
961
981
949
910
920
944
915
935
971
964
961
952
912
874
880
904
1033
978
979
1007
992
979
996
1017
958
968
1007
994
981
1030
996
920
809
785
801
788
779
920
956
950
788
798
863
923
1014
1005
839
734
808
780
905
1079
1065
999
989
974
939
945
962
989
1010
976
995
995
952
981
979
955
912
888
910
929
944
936
923
923
891
886
928
971
934
923
916
854
845
871
964
964
999
1006
942
866
810
839
836
867
951
992
957
962
938
879
812
812
832
826
842
872
913
892
854
827
813
784
733
785
781
863
821
796
840
848
820
785
831
863
915
901
818
801
804
779
764
792
837
960
978
878
828
817
825
816
867
978
981
924
892
871
837
846
879
986
950
972
992
976
927
919
952
925
946
965
975
927
953
972
955
890
844
736
770
886
964
1039
1025
939
828
749
692
808
1104
1029
1042
1024
970
892
838
1023
1028
1068
1075
1038
1009
996
1007
938
959
1036
1046
1015
1021
1024
1000
988
997
1026
997
1003
1008
991
977
968
962
909
934
985
1016
967
968
998
932
913
959
907
841
788
815
837
802
922
1078
1049
931
930
985
1020
956
953
1006
1011
966
992
1018
983
996
1026
1006
976
988
994
945
941
940
929
898
908
969
959
968
987
982
922
892
859
788
700
754
1045
1042
1026
1007
939
934
958
940
914
905
962
1031
1027
1043
1058
1004
970
963
972
964
947
942
946
930
938
982
983
926
847
787
756
745
904
1071
1022
1005
1031
990
904
819
876
1052
1033
995
1021
1038
986
971
989
966
945
994
1024
1033
990
997
1012
977
924
926
984
983
917
884
905
895
894
1026
1049
981
912
788
730
745
809
1065
1021
982
1002
1037
978
972
995
984
950
928
976
1008
976
992
1009
942
953
979
956
926
979
1024
1019
960
949
960
940
899
916
946
938
942
949
830
863
851
833
823
828
810
833
900
877
843
840
801
729
723
728
751
704
720
875
907
898
885
850
767
807
845
875
873
833
927
1034
1048
989
938
902
869
880
921
994
1021
1028
1005
1007
1008
983
917
910
927
901
923
988
1001
987
983
1001
916
867
826
872
886
950
1046
1008
979
978
959
888
899
958
942
873
838
869
885
902
1008
1051
980
979
962
951
900
893
929
913
884
922
962
917
898
919
921
860
821
835
888
854
852
873
851
832
824
822
813
803
793
825
852
820
806
844
952
988
922
880
911
938
916
884
894
978
964
909
911
927
925
886
905
956
930
929
919
907
868
811
799
806
787
823
919
1044
985
915
877
843
787
772
752
861
1001
1002
1043
1030
957
928
932
897
830
855
1015
1029
982
1024
1036
989
945
947
930
840
789
790
1046
1012
1039
1038
985
941
928
939
944
1006
1032
1009
934
932
946
955
955
965
989
944
799
753
706
746
931
946
955
976
920
869
839
833
790
812
873
946
940
953
964
914
894
915
906
867
895
925
923
906
900
913
870
889
949
960
978
999
989
944
907
889
943
960
919
913
947
944
923
935
929
926
952
968
955
927
931
937
890
856
916
957
949
973
987
958
956
956
912
881
869
906
887
851
830
848
900
973
1020
1010
958
935
909
854
802
825
880
981
958
980
967
904
859
856
869
862
919
967
911
840
810
816
797
822
857
887
890
923
906
833
797
802
803
798
843
881
894
896
909
902
818
771
817
826
818
765
798
852
808
810
854
868
807
819
847
834
786
813
837
848
833
873
906
899
864
893
936
896
927
1028
1004
936
879
842
810
882
1090
1068
1011
881
735
701
754
807
796
880
859
820
888
1066
1056
987
938
952
954
945
948
951
972
977
943
965
975
975
936
928
929
895
803
758
784
874
1013
951
895
813
742
762
777
867
926
980
1026
995
921
889
908
978
979
936
938
989
1009
947
938
954
965
924
917
917
954
932
955
994
995
972
961
984
976
937
926
950
980
927
926
968
993
936
938
971
969
924
930
966
941
926
956
1004
950
935
921
906
872
874
979
1033
990
896
820
768
735
799
884
992
947
866
799
799
737
795
844
1094
1034
1013
999
984
926
879
898
1040
1001
1025
1033
997
936
927
922
879
848
848
972
937
955
1004
1002
969
972
948
859
788
683
765
1080
1015
1028
1038
1005
952
946
955
927
951
999
972
969
985
976
905
931
992
1008
932
944
970
988
947
940
992
968
963
938
949
928
939
975
1005
945
952
979
950
894
858
877
837
830
923
1091
1035
1016
1001
937
894
880
930
949
954
997
999
940
940
952
940
916
963
992
963
967
993
993
939
870
798
779
786
845
1124
1118
1006
978
998
959
904
894
910
913
803
781
796
754
757
1070
1057
1041
1013
943
907
884
913
969
983
995
974
939
954
994
991
945
927
938
934
897
908
952
967
947
957
948
905
845
832
933
1023
977
994
1029
1014
964
968
995
964
926
979
1024
1002
1004
1019
1004
945
958
883
813
820
909
842
794
836
821
757
787
815
842
847
829
820
916
934
899
838
832
805
810
840
1069
1023
1048
1043
982
921
908
955
969
935
928
996
1001
972
989
1004
998
1011
1026
981
966
985
987
922
880
876
1043
1034
1048
1061
951
939
972
969
975
991
912
841
789
867
1097
1120
1048
907
804
792
879
1002
1109
1089
994
975
982
946
958
997
986
967
1002
1017
1020
938
812
778
815
857
838
814
825
796
724
742
755
797
798
776
819
858
808
767
839
828
796
792
834
852
854
826
833
814
777
762
835
905
1000
1001
916
850
771
734
721
698
780
1010
1001
1011
1032
986
945
925
945
922
948
1020
1034
998
1006
1020
981
911
932
945
966
1035
1082
1078
1017
990
991
1017
973
994
1032
1043
1001
1008
1045
1027
973
1003
1047
1003
979
948
969
919
982
1036
1040
1004
1010
1008
984
936
939
963
968
907
873
922
968
949
979
1021
977
935
934
978
922
861
855
898
934
994
1053
1009
1021
992
904
771
677
697
1007
984
1013
1064
1068
1021
1007
1005
970
937
966
1000
1016
975
951
984
965
908
886
960
1034
979
970
962
897
817
777
906
1079
1068
1000
985
977
1005
979
952
916
847
844
921
1028
959
965
968
928
946
1016
1008
928
940
976
979
915
879
886
897
841
847
888
984
907
869
858
869
787
793
816
813
803
841
885
1022
963
854
744
719
729
755
699
683
681
696
725
743
759
740
777
800
910
911
911
929
914
875
848
875
876
861
865
905
948
941
968
961
874
753
679
659
670
719
918
1018
1085
1054
1016
1072
1113
1059
1034
1030
971
873
844
862
1116
1098
1064
1016
1019
1016
967
904
896
915
979
956
992
1039
1026
988
986
1016
977
946
926
813
737
699
740
1120
1149
1072
1083
1079
1015
1026
1028
981
948
936
938
955
971
1037
1016
992
970
936
875
848
950
1002
972
1003
1008
989
950
937
891
829
788
777
811
835
942
1024
993
956
939
805
687
668
674
726
1101
1066
1005
883
767
695
673
678
734
1024
1012
1002
1002
973
943
954
883
833
812
804
816
812
756
742
749
783
774
810
863
853
818
799
804
744
720
694
732
693
691
718
721
681
698
728
745
728
728
727
669
629
610
587
581
596
665
804
799
806
712
642
638
632
654
685
757
868
892
978
947
971
992
951
884
828
868
892
868
877
905
837
777
733
679
691
680
681
697
698
688
731
733
748
715
675
643
647
656
668
685
762
770
803
806
785
786
795
818
847
815
795
778
770
779
799
844
877
927
881
853
819
794
836
816
841
921
1011
981
916
895
871
826
841
906
979
896
839
810
789
810
890
1077
1018
947
954
954
928
883
873
918
953
948
976
979
850
732
688
755
994
1024
986
1033
1046
923
794
739
764
916
934
899
912
981
1022
1046
1030
972
905
778
714
674
670
661
662
714
716
737
725
815
828
928
929
975
1014
1011
846
785
786
808
881
904
917
973
1000
939
892
887
877
866
950
1028
973
932
924
939
891
856
865
835
777
789
826
910
912
765
669
654
676
689
687
686
692
706
694
688
675
681
666
663
646
646
671
708
656
674
763
758
782
813
830
813
797
773
808
832
814
813
873
904
882
824
782
833
857
795
741
718
760
828
1020
1002
894
729
629
619
603
614
752
801
837
863
982
991
884
737
640
643
646
727
788
787
805
795
820
854
933
969
970
973
945
870
801
814
839
752
669
660
654
716
722
729
735
756
731
762
879
1000
1004
932
911
939
905
826
773
748
679
771
932
1015
969
910
889
935
908
881
842
848
916
917
972
1001
1016
942
826
685
662
680
791
1011
1020
991
1033
1063
1011
987
991
970
908
916
919
928
932
920
844
691
643
628
664
705
856
866
981
1024
979
977
854
676
632
619
659
854
973
1016
1085
1066
1005
971
987
910
846
801
808
763
759
816
811
771
770
742
745
785
756
735
738
746
740
777
754
797
743
799
787
845
850
805
800
831
854
939
979
996
971
1005
942
898
875
873
898
949
1014
982
937
800
764
800
876
934
879
862
864
904
885
870
855
893
924
858
842
852
866
853
831
847
825
799
707
674
640
631
641
641
648
637
671
740
823
759
716
798
795
795
801
711
712
700
790
857
968
993
997
981
819
681
653
673
722
1089
1081
1010
1014
1022
993
997
1015
976
908
913
959
931
919
975
1023
992
989
962
894
829
813
815
873
968
984
886
828
838
866
824
857
878
962
1035
986
991
1012
995
943
945
1000
1039
994
1021
1055
1043
976
978
1006
999
937
862
826
765
714
811
747
753
696
1006
1018
1013
964
939
938
872
844
948
1027
1024
985
974
969
966
937
980
968
971
940
947
987
962
901
856
868
864
786
688
687
675
657
664
653
651
678
709
714
696
706
675
714
723
825
795
698
680
648
646
640
649
680
702
729
765
816
773
739
688
658
651
671
735
746
757
721
686
702
679
691
682
668
703
728
764
789
813
821
801
729
676
675
670
698
736
738
728
697
712
696
691
655
663
690
681
738
754
796
801
814
771
773
804
801
785
766
782
792
805
797
817
881
1002
987
949
889
818
791
852
939
1060
1009
935
886
826
848
988
1069
1010
1003
999
967
913
919
939
951
958
977
992
956
948
973
941
902
933
929
890
890
832
753
689
710
691
709
776
786
961
1048
1022
967
979
963
921
865
815
834
903
808
756
779
1048
1096
1077
1029
1022
1022
966
932
945
916
853
879
995
1034
1003
996
874
754
737
760
979
977
1001
1011
954
966
986
952
937
813
719
851
966
948
905
964
960
873
844
887
911
878
912
966
979
984
984
946
920
906
951
937
945
899
819
749
680
691
715
694
675
658
645
707
791
867
837
805
774
820
793
801
821
750
732
686
658
658
692
674
705
751
741
747
733
751
714
696
801
900
954
970
1001
935
839
780
852
837
753
701
664
665
678
704
701
672
662
659
713
785
817
800
793
770
752
803
831
821
855
816
773
804
786
730
725
777
866
1029
1035
987
904
818
780
761
884
1103
1093
1056
1064
1059
937
828
750
705
791
1044
1104
1062
1084
1089
1030
1002
982
987
913
897
876
988
961
1007
971
896
869
791
733
703
695
750
851
1058
1068
1048
1049
1021
972
948
921
930
899
915
988
1051
1019
1013
906
740
665
641
646
677
755
787
823
964
1085
1080
1040
900
727
695
789
1101
1102
1080
1030
1039
1047
1035
1008
848
710
734
814
1095
1048
1024
1022
1041
1010
973
1016
1037
982
951
964
948
876
833
871
1028
1026
996
1002
1007
928
840
834
789
794
888
902
907
863
813
735
727
700
687
656
623
615
723
770
812
846
759
718
656
648
618
599
585
572
563
558
573
563
554
552
552
562
573
572
560
557
543
545
541
536
538
561
607
578
600
570
570
565
563
553
548
546
562
656
651
638
659
661
646
619
604
580
568
559
560
558
552
545
534
524
520
521
519
514
512
523
538
546
577
551
548
537
536
580
610
641
693
719
720
703
679
701
658
596
623
700
772
891
896
818
811
782
761
701
750
750
795
794
773
863
1066
965
903
871
874
850
943
1023
946
892
911
1011
1011
824
831
884
726
678
649
679
728
786
887
969
923
918
991
1003
934
898
902
980
990
1024
1001
954
973
1017
974
1006
1036
1035
1022
1035
1005
956
931
1001
1057
1037
1003
1004
993
945
931
947
972
949
988
1022
999
1023
1033
1004
938
927
980
982
963
984
989
959
943
914
923
921
957
990
956
971
981
943
900
856
862
843
863
1044
1049
988
982
985
940
938
946
951
938
963
964
931
932
942
933
952
973
975
923
932
968
929
914
914
923
922
964
1040
995
871
752
736
796
762
677
696
657
672
656
679
680
683
696
740
856
868
812
778
808
823
839
833
813
757
714
696
691
750
836
976
1097
992
842
734
677
677
649
661
693
687
667
682
673
679
667
692
673
646
628
609
627
707
709
744
737
673
630
613
583
589
610
595
594
583
578
569
564
555
552
544
543
539
534
532
526
524
522
518
513
505
506
502
498
500
511
522
513
495
492
487
482
479
475
479
510
546
596
648
569
634
712
791
855